,Player,Pos,Age,Tm,G,MP,PER,TS%,3PAr,FTr,ORB%,DRB%,TRB%,AST%,STL%,BLK%,TOV%,USG%,OWS,DWS,WS,WS/48,OBPM,DBPM,BPM,VORP,Year
0,Alex Abrines,SG,24,OKC,75,1134,9.0,0.5670000000000001,0.759,0.158,2.5,8.9,5.6,3.4,1.7,0.6,7.4,12.7,1.3,1.0,2.2,0.094,-0.5,-1.7,-2.2,-0.1,2018
1,Quincy Acy,PF,27,BRK,70,1359,8.2,0.525,0.8,0.16399999999999998,3.1,17.1,10.0,6.0,1.2,1.6,13.3,14.4,-0.1,1.1,1.0,0.036000000000000004,-2.0,-0.2,-2.2,-0.1,2018
2,Steven Adams,C,24,OKC,76,2487,20.6,0.63,0.003,0.402,16.6,13.9,15.3,5.5,1.8,2.8,13.3,16.7,6.7,3.0,9.7,0.187,2.2,1.1,3.3,3.3,2018
3,Bam Adebayo,C,20,MIA,69,1368,15.7,0.57,0.021,0.526,9.7,21.6,15.6,11.0,1.2,2.5,13.6,15.9,2.3,1.9,4.2,0.14800000000000002,-1.6,1.8,0.2,0.8,2018
4,Arron Afflalo,SG,32,ORL,53,682,5.8,0.516,0.43200000000000005,0.16,0.6,10.1,5.3,6.2,0.3,1.1,10.8,12.5,-0.1,0.2,0.1,0.009000000000000001,-4.1,-1.8,-5.8,-0.7,2018
5,Cole Aldrich,C,29,MIN,21,49,6.0,0.34,0.0,0.4,7.0,28.6,17.6,8.2,2.0,1.8,5.4,16.8,-0.1,0.1,0.0,-0.013000000000000001,-7.0,0.1,-6.9,-0.1,2018
6,LaMarcus Aldridge,C,32,SAS,75,2509,25.0,0.57,0.068,0.29600000000000004,10.8,17.3,14.0,11.3,0.9,3.0,6.8,29.1,7.4,3.5,10.9,0.209,3.0,0.3,3.3,3.3,2018
7,Jarrett Allen,C,19,BRK,72,1441,17.5,0.636,0.038,0.37,10.5,18.1,14.3,5.4,0.9,4.6,15.1,16.3,2.7,1.5,4.2,0.141,-1.3,1.4,0.2,0.8,2018
8,Kadeem Allen,PG,25,BOS,18,107,2.6,0.366,0.5,0.409,4.1,7.1,5.6,15.2,1.4,1.6,25.7,14.6,-0.2,0.1,-0.1,-0.038,-6.7,0.3,-6.4,-0.1,2018
9,Tony Allen,SF,36,NOP,22,273,8.7,0.514,0.132,0.231,8.2,10.4,9.3,4.6,1.9,0.9,15.9,18.9,-0.2,0.2,0.1,0.017,-4.0,-1.3,-5.2,-0.2,2018
10,Al-Farouq Aminu,PF,27,POR,69,2072,12.0,0.522,0.5820000000000001,0.13699999999999998,5.2,22.3,13.8,5.8,1.9,1.6,11.3,14.8,0.9,3.2,4.2,0.09699999999999999,-0.8,1.9,1.1,1.6,2018
11,Justin Anderson,SF,24,PHI,38,519,13.0,0.54,0.51,0.188,5.4,13.6,9.6,7.1,1.4,1.1,6.8,19.3,0.6,0.7,1.2,0.115,-0.5,-1.5,-2.0,0.0,2018
12,Kyle Anderson,SF,24,SAS,74,1978,15.9,0.5820000000000001,0.13,0.33299999999999996,4.7,17.6,11.1,14.7,2.9,2.5,15.8,13.5,2.4,3.8,6.2,0.151,-0.3,4.3,4.1,3.0,2018
13,Ryan Anderson,PF,29,HOU,66,1725,12.6,0.5920000000000001,0.706,0.19399999999999998,6.2,15.4,10.8,5.1,0.7,1.0,7.5,14.4,3.1,1.7,4.8,0.132,1.0,-0.8,0.2,1.0,2018
14,Ike Anigbogu,C,19,IND,11,30,21.6,0.5579999999999999,0.0,0.667,19.0,15.0,16.9,0.0,1.7,8.9,14.7,20.3,0.1,0.0,0.1,0.165,-4.1,-1.2,-5.4,0.0,2018
15,Giannis Antetokounmpo,PF,23,MIL,75,2756,27.3,0.598,0.1,0.457,6.7,25.3,16.0,23.7,2.0,3.3,11.7,31.2,8.3,3.6,11.9,0.207,3.9,1.9,5.8,5.4,2018
16,Carmelo Anthony,PF,33,OKC,78,2501,12.7,0.503,0.406,0.165,2.9,17.7,10.0,6.5,0.9,1.8,7.3,23.2,1.2,2.5,3.7,0.071,-1.9,-1.9,-3.8,-1.1,2018
17,OG Anunoby,SF,20,TOR,74,1481,10.0,0.5870000000000001,0.569,0.179,3.4,10.4,7.0,5.0,1.7,0.8,10.8,12.4,1.4,1.6,3.0,0.098,0.2,0.4,0.6,1.0,2018
18,Ryan Arcidiacono,PG,23,CHI,24,304,7.3,0.55,0.7559999999999999,0.146,0.3,8.8,4.4,15.5,2.1,0.0,23.0,8.1,0.1,0.2,0.3,0.04,-3.3,-0.7,-4.1,-0.2,2018
19,Trevor Ariza,SF,32,HOU,67,2269,11.8,0.5670000000000001,0.71,0.13699999999999998,1.7,12.9,7.3,6.8,2.1,0.5,7.0,14.4,2.6,2.8,5.3,0.113,0.8,0.7,1.5,2.0,2018
20,Darrell Arthur,PF,29,DEN,19,141,8.4,0.5589999999999999,0.489,0.064,2.4,9.5,6.0,9.3,2.8,1.8,23.7,19.5,-0.2,0.1,0.0,-0.011000000000000001,-3.5,-1.0,-4.5,-0.1,2018
21,Jamel Artis,SG,25,ORL,15,279,6.9,0.457,0.36700000000000005,0.152,1.6,13.5,7.5,9.3,0.4,0.9,8.7,14.5,-0.1,0.1,0.0,-0.006,-4.3,-1.5,-5.9,-0.3,2018
22,Omer Asik,C,31,TOT,18,182,3.1,0.397,0.0,0.591,5.5,22.2,14.0,2.1,0.5,1.9,24.5,8.7,-0.2,0.2,-0.1,-0.021,-8.1,0.0,-8.1,-0.3,2018
23,D.J. Augustin,PG,30,ORL,75,1760,15.4,0.615,0.504,0.35,1.9,8.2,5.0,24.4,1.5,0.0,16.5,18.6,3.3,0.8,4.1,0.11,1.5,-2.5,-0.9,0.5,2018
24,Luke Babbitt,SF,28,TOT,50,715,9.8,0.5760000000000001,0.726,0.102,1.1,13.9,7.5,6.5,0.5,0.8,7.8,15.0,0.5,0.4,0.9,0.06,-1.0,-2.2,-3.2,-0.2,2018
25,Dwayne Bacon,SG,22,CHO,53,713,5.8,0.431,0.22399999999999998,0.13,0.6,18.5,9.4,7.5,1.1,0.2,10.2,13.7,-0.7,0.6,-0.1,-0.006999999999999999,-5.4,-0.3,-5.7,-0.7,2018
26,Ron Baker,SG,24,NYK,29,385,9.3,0.504,0.5589999999999999,0.441,1.4,7.2,4.3,15.5,3.3,1.3,20.4,10.0,0.1,0.4,0.5,0.059000000000000004,-1.9,0.9,-1.0,0.1,2018
27,Wade Baldwin,PG,21,POR,7,80,16.6,0.748,0.23800000000000002,0.47600000000000003,1.4,9.5,5.5,9.8,1.2,1.0,13.6,16.1,0.2,0.1,0.3,0.187,1.1,-1.1,0.0,0.0,2018
28,Lonzo Ball,PG,20,LAL,52,1780,12.5,0.444,0.523,0.126,4.2,17.3,10.8,29.2,2.4,2.0,18.6,17.4,-0.5,2.5,2.0,0.053,-0.8,2.5,1.7,1.7,2018
29,J.J. Barea,PG,33,DAL,69,1603,17.8,0.545,0.45399999999999996,0.14800000000000002,1.0,13.4,7.0,45.1,1.1,0.2,16.3,24.9,2.3,1.0,3.3,0.098,2.4,-2.3,0.1,0.8,2018
30,Harrison Barnes,PF,25,DAL,77,2634,15.8,0.539,0.276,0.259,3.1,17.1,9.9,9.9,0.9,0.5,8.1,25.2,2.0,1.9,3.8,0.07,-0.7,-1.4,-2.1,-0.1,2018
31,Will Barton,SG,27,DEN,81,2683,16.2,0.562,0.41100000000000003,0.22,3.0,14.2,8.6,18.5,1.5,1.6,11.7,20.7,4.4,1.8,6.2,0.111,1.6,-0.6,1.0,2.0,2018
32,Nicolas Batum,SG,29,CHO,64,1981,14.4,0.523,0.42200000000000004,0.2,3.1,13.8,8.4,26.2,1.6,1.0,15.6,18.3,1.7,1.8,3.5,0.084,0.9,0.5,1.4,1.7,2018
33,Jerryd Bayless,SG,29,PHI,39,925,7.5,0.546,0.557,0.168,1.8,7.3,4.7,8.0,1.2,0.5,14.1,15.1,0.2,0.9,1.1,0.055,-1.8,-1.0,-2.7,-0.2,2018
34,Aron Baynes,C,31,BOS,81,1485,12.0,0.502,0.047,0.175,9.7,22.1,16.0,9.6,0.7,2.9,14.3,16.8,0.5,2.5,3.0,0.09699999999999999,-3.8,2.1,-1.7,0.1,2018
35,Kent Bazemore,SG,28,ATL,65,1789,14.5,0.547,0.405,0.297,1.6,13.9,7.7,20.1,2.7,2.2,17.0,22.5,0.2,2.0,2.2,0.059000000000000004,-0.6,1.1,0.4,1.1,2018
36,Bradley Beal,SG,24,WAS,82,2977,18.4,0.564,0.35700000000000004,0.249,2.3,11.5,6.9,21.0,1.6,1.1,11.5,27.6,4.4,2.5,6.9,0.111,2.7,-1.0,1.7,2.7,2018
37,Malik Beasley,SG,21,DEN,62,583,9.0,0.509,0.461,0.185,2.7,11.0,6.9,7.4,1.3,1.0,11.1,16.2,0.1,0.3,0.3,0.027999999999999997,-2.8,-2.4,-5.1,-0.5,2018
38,Michael Beasley,PF,29,NYK,74,1653,17.8,0.556,0.107,0.19699999999999998,6.5,21.2,13.9,12.5,1.1,2.3,14.0,26.9,0.9,1.5,2.4,0.069,-1.0,-0.4,-1.5,0.2,2018
39,Marco Belinelli,SG,31,TOT,80,1947,14.1,0.581,0.517,0.213,1.1,7.3,4.3,11.9,1.6,0.5,10.1,20.7,2.4,1.3,3.7,0.092,0.8,-2.1,-1.3,0.3,2018
40,Jordan Bell,C,23,GSW,57,809,18.0,0.6409999999999999,0.022000000000000002,0.23800000000000002,8.9,19.0,14.3,16.9,2.1,5.5,20.0,13.9,1.6,1.4,2.9,0.174,0.0,3.7,3.7,1.2,2018
41,DeAndre' Bembry,SF,23,ATL,26,455,7.6,0.47700000000000004,0.23399999999999999,0.258,2.0,15.7,8.8,15.9,2.3,2.3,24.8,18.2,-0.9,0.5,-0.4,-0.04,-5.9,1.5,-4.4,-0.3,2018
42,Dragan Bender,PF,20,PHO,82,2069,7.1,0.524,0.665,0.105,2.0,16.8,9.3,8.9,0.5,2.1,18.1,12.7,-0.7,0.8,0.1,0.001,-2.7,0.0,-2.7,-0.4,2018
43,Davis Bertans,PF,25,SAS,77,1086,14.1,0.588,0.6890000000000001,0.134,1.8,13.9,7.8,10.3,1.2,2.1,8.5,17.4,1.6,1.4,3.1,0.135,1.2,-0.3,1.0,0.8,2018
44,Patrick Beverley,SG,29,LAC,11,334,12.4,0.53,0.504,0.14300000000000002,5.3,9.4,7.4,13.8,2.8,1.3,16.5,19.6,0.1,0.3,0.4,0.055999999999999994,0.4,0.2,0.6,0.2,2018
45,Khem Birch,C,25,ORL,42,578,16.4,0.5820000000000001,0.0,0.484,13.2,21.1,17.1,8.5,1.3,2.9,12.1,13.2,1.2,0.6,1.8,0.15,-1.1,1.4,0.3,0.3,2018
46,Jabari Bird,SG,23,BOS,13,115,12.1,0.615,0.26899999999999996,0.5,5.8,12.2,9.0,10.5,1.3,0.7,20.1,15.4,0.1,0.2,0.2,0.098,-2.3,0.1,-2.1,0.0,2018
47,Bismack Biyombo,C,25,ORL,82,1495,14.1,0.556,0.003,0.446,10.5,24.0,17.2,6.5,0.7,5.1,16.6,14.9,1.1,1.8,2.9,0.094,-3.7,2.1,-1.6,0.2,2018
48,Nemanja Bjelica,PF,29,MIN,67,1371,12.6,0.581,0.493,0.121,4.4,18.8,11.5,8.7,1.8,1.0,11.7,14.3,1.7,1.1,2.8,0.09699999999999999,0.6,-0.1,0.5,0.9,2018
49,Tarik Black,C,26,HOU,51,536,14.3,0.5820000000000001,0.087,0.496,13.4,20.9,17.1,3.7,1.9,4.8,18.4,15.6,0.5,1.0,1.5,0.136,-3.0,2.1,-1.0,0.1,2018
50,Antonio Blakeney,SG,21,CHI,19,314,10.1,0.47100000000000003,0.364,0.273,1.3,10.3,5.6,10.1,1.1,0.3,6.4,23.7,-0.2,0.1,0.0,-0.006,-3.2,-3.6,-6.8,-0.4,2018
51,Eric Bledsoe,PG,28,TOT,74,2322,19.7,0.5820000000000001,0.364,0.321,2.6,11.7,7.1,25.7,3.2,1.5,16.1,26.1,3.1,2.5,5.6,0.11599999999999999,2.4,-0.3,2.1,2.4,2018
52,Vander Blue,SG,25,LAL,5,45,-1.8,0.255,0.4,0.4,0.0,2.3,1.2,8.2,1.1,0.0,33.8,8.4,-0.1,0.0,-0.1,-0.10300000000000001,-8.7,-1.3,-10.0,-0.1,2018
53,Bogdan Bogdanovic,SG,25,SAC,78,2175,13.5,0.556,0.426,0.154,1.6,10.5,5.8,18.3,1.7,0.7,13.2,19.6,1.8,1.1,2.9,0.064,0.5,-1.5,-1.0,0.6,2018
54,Bojan Bogdanovic,SF,28,IND,80,2464,13.9,0.605,0.45299999999999996,0.24100000000000002,1.4,10.9,6.2,7.1,1.1,0.3,10.1,19.0,3.8,1.6,5.4,0.105,1.1,-1.9,-0.7,0.8,2018
55,Andrew Bogut,C,33,LAL,24,216,10.9,0.696,0.0,0.08,12.9,25.4,19.2,9.1,0.9,4.9,42.3,8.8,0.1,0.3,0.4,0.094,-3.6,3.6,0.0,0.1,2018
56,Joel Bolomboy,PF,24,MIL,6,38,11.7,0.521,0.16699999999999998,1.0,18.6,12.3,15.4,0.0,2.6,0.0,18.8,12.6,0.0,0.0,0.1,0.079,-3.1,-4.6,-7.7,-0.1,2018
57,Devin Booker,SG,21,PHO,54,1865,18.1,0.561,0.364,0.312,1.5,12.7,7.0,24.4,1.2,0.6,13.9,31.7,1.9,0.6,2.4,0.063,2.9,-2.4,0.4,1.2,2018
58,Trevor Booker,PF,30,TOT,68,1158,14.9,0.557,0.096,0.271,11.1,18.6,14.9,10.8,1.2,1.5,13.3,16.6,1.6,1.3,2.9,0.121,-1.0,0.5,-0.5,0.4,2018
59,Chris Boucher,PF,25,GSW,1,1,-28.5,0.0,1.0,0.0,0.0,100.0,55.9,0.0,0.0,0.0,0.0,43.9,0.0,0.0,0.0,-0.899,-38.9,-20.1,-59.0,0.0,2018
60,Avery Bradley,SG,27,TOT,46,1433,9.6,0.496,0.325,0.131,1.7,7.3,4.5,10.4,1.8,0.5,13.3,23.5,-1.4,1.2,-0.2,-0.006999999999999999,-2.8,-1.4,-4.2,-0.8,2018
61,Tony Bradley,C,20,UTA,9,29,9.5,0.337,0.091,0.182,15.8,27.1,21.5,5.0,0.0,0.0,0.0,18.4,0.0,0.0,0.0,0.033,-6.6,-3.0,-9.6,-0.1,2018
62,Corey Brewer,SF-SG,31,TOT,72,1208,11.2,0.534,0.348,0.285,3.8,10.0,6.9,7.5,3.2,1.0,12.1,14.3,0.7,1.6,2.3,0.091,-1.6,1.0,-0.6,0.4,2018
63,Malcolm Brogdon,PG,25,MIL,48,1436,14.3,0.578,0.32,0.16899999999999998,1.9,10.8,6.4,16.3,1.4,0.8,10.9,19.1,2.0,0.7,2.7,0.091,0.6,-1.9,-1.3,0.2,2018
64,Aaron Brooks,PG,33,MIN,32,189,9.8,0.508,0.449,0.159,4.2,6.2,5.2,15.1,1.6,0.0,13.0,19.9,0.1,0.1,0.1,0.033,-0.8,-3.6,-4.3,-0.1,2018
65,Dillon Brooks,SF,22,MEM,82,2350,9.8,0.531,0.342,0.215,2.4,10.5,6.3,9.3,1.6,0.7,12.8,18.5,0.1,1.1,1.2,0.024,-1.8,-1.3,-3.1,-0.7,2018
66,MarShon Brooks,SG,29,MEM,7,193,26.1,0.629,0.314,0.225,4.7,8.0,6.3,25.9,2.9,1.5,12.5,29.8,0.6,0.2,0.7,0.179,5.7,-1.7,4.1,0.3,2018
67,Anthony Brown,SF,25,MIN,1,4,41.9,1.5,1.0,0.0,0.0,0.0,0.0,41.7,0.0,0.0,0.0,11.1,0.0,0.0,0.0,0.5710000000000001,17.1,-15.0,2.1,0.0,2018
68,Bobby Brown,PG,33,HOU,20,115,5.5,0.425,0.69,0.034,0.0,6.8,3.4,15.0,1.7,0.0,13.3,26.1,-0.3,0.1,-0.2,-0.08,-5.0,-4.2,-9.3,-0.2,2018
69,Jaylen Brown,SG,21,BOS,70,2152,13.6,0.562,0.381,0.29,3.4,14.0,8.8,8.5,1.6,1.0,12.0,21.4,1.2,3.2,4.5,0.1,-0.6,0.4,-0.2,1.0,2018
70,Lorenzo Brown,PG,27,TOR,14,139,8.2,0.45899999999999996,0.353,0.059000000000000004,0.8,11.1,6.0,12.4,1.8,0.0,7.9,11.9,0.0,0.1,0.2,0.06,-2.8,-0.2,-3.0,0.0,2018
71,Markel Brown,SG,26,HOU,4,31,-1.2,0.35700000000000004,0.7140000000000001,0.0,3.7,14.4,9.1,8.7,0.0,0.0,22.2,12.8,-0.1,0.0,0.0,-0.063,-6.7,-1.7,-8.4,-0.1,2018
72,Sterling Brown,SG,22,MIL,54,776,9.1,0.503,0.444,0.11699999999999999,4.1,17.5,10.8,4.5,2.0,1.4,10.4,14.0,0.0,0.7,0.7,0.043,-3.1,-1.0,-4.0,-0.4,2018
73,Nicolas Brussino,SF,24,ATL,4,10,-4.6,0.0,1.0,0.0,0.0,33.5,16.7,0.0,0.0,0.0,0.0,8.7,0.0,0.0,0.0,-0.18,-13.8,-4.7,-18.5,0.0,2018
74,Thomas Bryant,C,20,LAL,15,72,9.9,0.441,0.47600000000000003,0.429,4.5,20.5,12.6,11.5,0.7,2.3,7.4,15.9,0.0,0.1,0.1,0.05,-3.8,-0.4,-4.2,0.0,2018
75,Reggie Bullock,SF,26,DET,62,1732,13.6,0.615,0.515,0.09,1.7,8.3,4.9,8.4,1.4,0.7,7.6,15.7,2.8,1.4,4.2,0.11699999999999999,1.3,-0.7,0.7,1.2,2018
76,Trey Burke,PG,25,NYK,36,785,21.0,0.563,0.273,0.14800000000000002,1.8,8.2,5.0,36.4,1.5,0.4,9.5,25.1,2.0,0.3,2.4,0.145,4.2,-3.2,1.0,0.6,2018
77,Alec Burks,SG,26,UTA,64,1059,13.1,0.527,0.34299999999999997,0.3,2.1,18.4,10.3,10.0,1.8,0.6,11.4,22.5,0.2,1.6,1.9,0.084,-2.5,-0.3,-2.8,-0.2,2018
78,Jimmy Butler,SG,28,MIN,59,2164,23.7,0.59,0.217,0.461,4.2,12.7,8.4,20.6,2.7,1.0,8.9,24.9,7.1,1.8,8.9,0.198,4.9,0.1,5.0,3.8,2018
79,Dwight Buycks,PG,28,DET,29,427,12.8,0.498,0.22699999999999998,0.207,3.0,7.7,5.3,22.4,2.2,0.4,15.3,26.4,-0.2,0.4,0.2,0.027000000000000003,-2.5,-1.8,-4.3,-0.2,2018
80,Bruno Caboclo,SF,22,TOT,12,107,7.4,0.386,0.5479999999999999,0.19399999999999998,7.1,16.6,11.7,5.0,1.4,3.5,10.6,15.8,-0.1,0.1,0.0,-0.021,-4.7,-0.2,-4.9,-0.1,2018
81,Jose Calderon,PG,36,CLE,57,914,11.3,0.643,0.524,0.162,1.7,8.5,5.2,17.4,1.4,0.2,17.1,11.6,1.5,0.3,1.8,0.095,0.1,-2.0,-1.9,0.0,2018
82,Kentavious Caldwell-Pope,SG,24,LAL,74,2458,13.2,0.561,0.52,0.243,2.6,14.1,8.4,9.4,2.1,0.5,9.9,16.9,2.6,2.7,5.3,0.10300000000000001,0.6,0.4,1.0,1.9,2018
83,Isaiah Canaan,PG-SG,26,TOT,20,422,13.5,0.539,0.48200000000000004,0.37200000000000005,1.5,10.0,5.7,26.7,1.8,0.2,15.4,18.9,0.5,0.1,0.6,0.07200000000000001,0.1,-2.5,-2.4,0.0,2018
84,Clint Capela,C,23,HOU,74,2034,24.5,0.65,0.001,0.38,13.5,30.8,22.2,5.7,1.4,5.7,11.5,19.4,6.2,4.1,10.2,0.242,0.1,2.9,3.0,2.6,2018
85,DeMarre Carroll,PF,31,BRK,73,2180,14.3,0.55,0.498,0.313,5.1,18.4,11.7,10.5,1.3,1.0,10.3,19.8,2.3,1.8,4.1,0.091,0.4,-0.3,0.2,1.2,2018
86,Vince Carter,SF,41,SAC,58,1026,10.8,0.523,0.583,0.131,1.9,15.1,8.2,9.7,2.1,2.4,10.7,14.7,0.3,0.9,1.2,0.055999999999999994,-1.5,0.4,-1.1,0.2,2018
87,Michael Carter-Williams,PG,26,CHO,52,835,10.8,0.446,0.258,0.389,4.7,13.3,8.9,19.4,2.6,2.3,16.2,16.6,-0.2,1.1,0.9,0.05,-2.6,2.0,-0.6,0.3,2018
88,Alex Caruso,PG,23,LAL,37,562,8.7,0.519,0.371,0.259,2.9,9.4,6.2,17.8,2.0,1.4,24.5,12.9,-0.1,0.6,0.5,0.040999999999999995,-3.4,0.5,-2.9,-0.1,2018
89,Omri Casspi,SF,29,GSW,53,740,15.5,0.632,0.106,0.33299999999999996,4.9,24.0,15.1,9.5,1.2,2.0,13.5,16.3,1.2,1.0,2.2,0.141,-1.5,0.0,-1.4,0.1,2018
90,Willie Cauley-Stein,C,24,SAC,73,2044,17.6,0.529,0.016,0.32,7.0,22.0,14.2,13.7,1.9,3.1,11.0,21.8,1.7,2.2,3.9,0.092,-1.3,1.7,0.4,1.2,2018
91,Tyler Cavanaugh,PF,23,ATL,39,518,13.0,0.5670000000000001,0.586,0.138,9.7,17.7,13.7,7.8,0.8,0.7,8.0,14.8,0.9,0.3,1.2,0.109,0.5,-1.5,-1.0,0.1,2018
92,Mario Chalmers,PG,31,MEM,66,1421,10.4,0.503,0.431,0.312,1.0,12.0,6.4,21.5,2.8,0.9,18.8,19.6,-0.6,1.3,0.6,0.021,-2.2,-0.5,-2.7,-0.3,2018
93,Tyson Chandler,C,35,PHO,46,1151,14.2,0.6579999999999999,0.0,0.49700000000000005,12.2,26.8,19.4,6.6,0.7,1.9,20.6,10.6,1.9,0.8,2.7,0.111,-1.3,1.0,-0.3,0.5,2018
94,Wilson Chandler,SF,30,DEN,74,2346,10.9,0.542,0.39,0.18100000000000002,4.9,14.1,9.6,9.4,0.9,1.4,11.9,14.3,2.1,1.2,3.3,0.067,-0.5,-0.4,-0.9,0.6,2018
95,Marquese Chriss,PF,20,PHO,72,1527,11.1,0.509,0.39799999999999996,0.331,5.2,22.7,13.8,8.1,1.6,3.7,16.4,18.1,-0.8,1.5,0.7,0.023,-3.3,1.3,-2.0,0.0,2018
96,Ian Clark,SG,26,NOP,74,1455,9.4,0.529,0.39399999999999996,0.11900000000000001,0.8,8.4,4.7,10.4,1.1,0.5,9.9,17.2,0.3,0.8,1.1,0.037000000000000005,-2.0,-2.0,-3.9,-0.7,2018
97,Jordan Clarkson,SG,25,TOT,81,1888,16.4,0.542,0.33299999999999996,0.19899999999999998,3.3,9.1,6.2,19.3,1.5,0.3,10.9,26.5,1.9,1.2,3.0,0.077,0.8,-2.7,-1.9,0.1,2018
98,Gian Clavell,SG,24,DAL,7,64,7.4,0.53,0.833,0.111,1.7,10.8,6.1,6.7,1.6,0.0,9.6,14.8,0.0,0.0,0.1,0.042,-1.7,-1.9,-3.6,0.0,2018
99,Antonius Cleveland,SG,23,TOT,17,123,4.5,0.486,0.19,0.28600000000000003,2.7,10.2,6.3,2.2,2.8,3.6,22.8,11.1,-0.2,0.2,0.0,-0.006,-6.7,2.2,-4.5,-0.1,2018
100,John Collins,PF,20,ATL,74,1785,18.3,0.62,0.086,0.341,11.0,22.8,16.9,8.9,1.3,3.8,14.3,17.9,3.4,2.0,5.4,0.145,-0.2,1.9,1.7,1.7,2018
101,Zach Collins,C,20,POR,66,1045,7.5,0.475,0.391,0.145,4.7,18.2,11.5,7.1,0.8,2.4,15.9,15.4,-0.7,1.3,0.6,0.03,-4.1,0.9,-3.2,-0.3,2018
102,Kyle Collinsworth,SF,26,DAL,32,480,10.0,0.433,0.172,0.40399999999999997,7.2,18.0,12.4,16.4,1.8,1.7,17.1,13.3,-0.1,0.5,0.5,0.046,-4.0,2.2,-1.8,0.0,2018
103,Darren Collison,PG,30,IND,69,2018,18.8,0.61,0.321,0.226,2.1,7.8,5.0,26.4,2.3,0.7,10.9,17.4,5.8,1.8,7.6,0.18100000000000002,3.1,-1.0,2.2,2.1,2018
104,Nick Collison,PF,37,OKC,15,75,13.2,0.627,0.0,0.684,10.0,19.9,14.8,8.2,0.0,0.0,22.1,18.2,0.1,0.0,0.1,0.064,-3.5,-2.9,-6.5,-0.1,2018
105,Mike Conley,PG,30,MEM,12,373,15.4,0.52,0.45799999999999996,0.39299999999999996,0.0,8.6,4.2,22.2,1.6,0.8,8.4,25.9,0.4,0.2,0.6,0.077,1.2,-3.5,-2.3,0.0,2018
106,Pat Connaughton,SG,25,POR,82,1488,9.3,0.539,0.5379999999999999,0.113,2.7,9.1,5.9,8.7,0.8,1.2,9.5,13.4,1.2,1.3,2.5,0.08,-0.9,-0.4,-1.3,0.3,2018
107,Quinn Cook,PG,24,GSW,33,740,12.8,0.593,0.413,0.099,1.6,10.2,6.2,16.6,0.8,0.1,10.8,17.5,1.1,0.4,1.6,0.10099999999999999,0.6,-2.8,-2.2,0.0,2018
108,Charles Cooke,SG,23,NOP,13,38,-5.1,0.20199999999999999,0.5710000000000001,0.14300000000000002,0.0,5.5,2.9,3.2,1.3,0.0,6.3,18.1,-0.2,0.0,-0.2,-0.239,-10.8,-3.8,-14.6,-0.1,2018
109,Jack Cooley,PF,26,SAC,7,87,19.7,0.5660000000000001,0.0,0.7040000000000001,17.6,21.9,19.6,10.5,0.6,0.0,7.8,19.8,0.3,0.0,0.3,0.182,0.9,-2.5,-1.6,0.0,2018
110,Matt Costello,C,24,SAS,4,32,9.7,0.5,0.0,0.0,3.4,27.9,15.6,8.3,3.2,5.2,20.0,7.0,0.0,0.1,0.1,0.127,-5.0,6.6,1.6,0.0,2018
111,DeMarcus Cousins,C,27,NOP,48,1737,22.6,0.583,0.34,0.456,6.8,30.9,19.2,23.0,2.2,3.5,18.9,31.9,1.5,3.2,4.7,0.13,1.9,3.6,5.5,3.3,2018
112,Robert Covington,SF,27,PHI,80,2532,12.9,0.563,0.6579999999999999,0.163,2.4,15.5,9.2,8.7,2.6,2.4,12.3,17.2,1.6,4.5,6.1,0.11599999999999999,0.4,2.1,2.5,2.9,2018
113,Allen Crabbe,SG,25,BRK,75,2197,12.3,0.5579999999999999,0.643,0.163,1.3,14.4,7.8,8.4,1.0,1.2,8.1,19.0,1.8,1.4,3.2,0.07,0.4,-1.2,-0.8,0.7,2018
114,Torrey Craig,SF,27,DEN,39,629,9.8,0.535,0.423,0.255,7.2,15.5,11.4,5.4,0.9,2.0,11.6,11.9,0.5,0.4,0.9,0.069,-1.7,-0.8,-2.5,-0.1,2018
115,Jamal Crawford,SG,37,MIN,80,1653,13.0,0.519,0.423,0.152,1.4,5.5,3.5,16.9,1.2,0.5,10.7,23.7,0.9,0.3,1.3,0.037000000000000005,0.0,-4.0,-3.9,-0.8,2018
116,Jordan Crawford,SG,29,NOP,5,53,19.1,0.601,0.519,0.037000000000000005,4.2,4.0,4.1,37.7,0.9,1.5,15.4,26.5,0.1,0.0,0.2,0.15,3.9,-4.8,-0.9,0.0,2018
117,Jae Crowder,SF,27,TOT,80,2090,10.4,0.525,0.508,0.221,3.2,11.5,7.4,6.9,1.5,0.9,9.1,17.3,1.0,1.6,2.6,0.06,-0.8,-0.9,-1.7,0.1,2018
118,Dante Cunningham,SF,30,TOT,73,1562,10.0,0.539,0.462,0.14300000000000002,5.5,14.9,10.3,4.3,1.2,1.5,7.9,11.6,1.1,1.3,2.4,0.07400000000000001,-1.4,0.1,-1.4,0.2,2018
119,Stephen Curry,PG,29,GSW,51,1631,28.2,0.675,0.58,0.35,2.7,14.4,9.0,30.3,2.4,0.4,13.3,31.0,7.2,1.9,9.1,0.267,9.9,-1.3,8.6,4.4,2018
120,Troy Daniels,SG,26,PHO,79,1622,9.8,0.583,0.797,0.111,0.8,7.7,4.2,4.5,0.8,0.2,8.5,17.2,1.4,0.0,1.4,0.042,0.7,-3.6,-2.9,-0.4,2018
121,Anthony Davis,PF,24,NOP,75,2727,28.9,0.612,0.111,0.409,7.7,24.8,16.5,10.8,2.0,5.6,8.6,30.0,8.8,4.9,13.7,0.24100000000000002,2.8,2.3,5.2,4.9,2018
122,Deyonta Davis,C,21,MEM,62,943,16.6,0.621,0.0,0.215,9.0,22.0,15.3,7.1,0.8,3.9,9.9,15.3,1.9,0.8,2.7,0.138,-1.3,0.4,-0.9,0.3,2018
123,Ed Davis,C,28,POR,78,1471,15.5,0.607,0.003,0.38,13.7,28.8,21.3,3.9,1.1,2.9,16.2,12.1,2.5,2.5,5.0,0.16399999999999998,-1.8,1.8,0.0,0.7,2018
124,Dewayne Dedmon,C,28,ATL,62,1542,15.8,0.599,0.29600000000000004,0.18,7.2,28.1,17.7,9.2,1.3,2.8,14.3,17.0,1.8,1.9,3.7,0.114,-1.0,1.6,0.5,1.0,2018
125,Sam Dekker,PF,23,LAC,73,883,11.5,0.534,0.23199999999999998,0.21600000000000003,5.6,16.0,10.8,6.2,1.3,0.9,10.4,15.5,0.6,0.6,1.2,0.066,-2.1,-1.0,-3.1,-0.2,2018
126,Malcolm Delaney,PG,28,ATL,54,1014,10.6,0.519,0.435,0.32299999999999995,1.0,10.0,5.5,23.4,1.7,0.5,16.9,16.9,0.4,0.6,1.0,0.047,-2.0,-1.5,-3.6,-0.4,2018
127,Matthew Dellavedova,PG,27,MIL,38,712,8.6,0.5,0.513,0.17800000000000002,2.3,8.2,5.3,27.4,1.0,0.0,23.0,13.5,0.3,0.2,0.5,0.032,-2.3,-3.6,-5.9,-0.7,2018
128,Luol Deng,SF,32,LAL,1,13,5.5,0.5,0.0,0.0,0.0,0.0,0.0,10.1,3.7,0.0,33.3,9.8,0.0,0.0,0.0,-0.018000000000000002,-7.2,-1.3,-8.5,0.0,2018
129,DeMar DeRozan,SG,28,TOR,80,2711,21.0,0.555,0.203,0.396,2.5,10.4,6.5,25.0,1.5,0.6,9.5,29.6,6.8,2.8,9.6,0.17,2.7,-0.9,1.8,2.6,2018
130,Cheick Diallo,PF,21,NOP,52,581,17.0,0.619,0.0,0.375,9.1,29.6,19.7,4.7,0.9,2.9,12.0,17.4,1.1,0.8,1.9,0.157,-2.8,-0.3,-3.1,-0.2,2018
131,Gorgui Dieng,C,28,MIN,79,1333,14.7,0.5429999999999999,0.157,0.263,9.1,22.2,15.6,7.5,1.7,2.6,12.0,16.3,1.6,1.4,2.9,0.105,-1.0,0.6,-0.4,0.5,2018
132,Spencer Dinwiddie,PG,24,BRK,80,2306,15.9,0.527,0.517,0.32,1.8,10.2,6.0,35.0,1.4,0.7,11.8,20.3,4.3,1.4,5.7,0.11800000000000001,2.1,-1.8,0.2,1.3,2018
133,Tyler Dorsey,SG,21,ATL,56,974,10.0,0.494,0.521,0.165,1.9,12.9,7.4,12.5,0.9,0.4,8.3,20.0,0.0,0.4,0.4,0.02,-1.8,-2.5,-4.2,-0.5,2018
134,Damyean Dotson,SG,23,NYK,44,474,11.6,0.532,0.42200000000000004,0.14300000000000002,2.1,17.5,9.8,9.5,1.3,0.4,9.0,17.3,0.3,0.3,0.6,0.06,-1.4,-1.7,-3.1,-0.1,2018
135,Milton Doyle,SG,24,BRK,10,125,5.2,0.337,0.489,0.17,2.5,12.9,7.6,11.7,2.3,1.2,3.8,18.2,-0.3,0.1,-0.1,-0.052000000000000005,-5.2,-0.6,-5.8,-0.1,2018
136,PJ Dozier,PG,21,OKC,2,3,-5.0,0.5,0.0,0.0,0.0,38.3,18.5,0.0,0.0,0.0,33.3,42.9,0.0,0.0,0.0,-0.40399999999999997,-23.5,-10.5,-34.0,0.0,2018
137,Goran Dragic,PG,31,MIA,75,2378,16.6,0.5429999999999999,0.27899999999999997,0.252,2.5,12.0,7.2,25.4,1.3,0.4,12.2,25.7,2.9,2.3,5.3,0.106,1.0,-1.1,-0.1,1.2,2018
138,Larry Drew,PG,27,TOT,10,70,2.9,0.354,0.375,0.0,4.8,0.0,2.3,18.5,0.0,0.0,11.1,16.6,-0.1,0.0,-0.1,-0.061,-5.4,-5.3,-10.7,-0.2,2018
139,Andre Drummond,C,24,DET,78,2625,22.9,0.555,0.012,0.44799999999999995,16.4,36.4,26.2,14.3,2.2,4.3,15.9,21.2,4.6,5.7,10.3,0.18899999999999997,0.2,5.3,5.5,5.0,2018
140,Jared Dudley,PF,32,PHO,48,686,8.8,0.5529999999999999,0.6559999999999999,0.287,1.2,13.6,7.3,15.6,1.7,1.3,16.9,10.2,0.5,0.4,0.8,0.057999999999999996,-1.9,0.0,-1.9,0.0,2018
141,Kris Dunn,PG,23,CHI,52,1525,14.5,0.488,0.201,0.171,1.6,14.4,7.8,33.3,3.3,1.6,17.3,24.7,-1.0,1.9,0.9,0.027000000000000003,-1.4,1.4,-0.1,0.7,2018
142,Kevin Durant,PF,29,GSW,68,2325,26.0,0.64,0.33799999999999997,0.331,1.6,19.5,11.2,25.5,1.0,4.0,12.9,30.4,7.5,2.9,10.4,0.215,5.0,0.7,5.6,4.5,2018
143,Jarell Eddie,SF,26,TOT,3,9,-1.9,0.0,1.0,0.0,0.0,12.0,6.1,0.0,5.6,0.0,0.0,9.8,0.0,0.0,0.0,-0.142,-10.0,1.6,-8.4,0.0,2018
144,Henry Ellenson,PF,21,DET,38,329,10.5,0.47600000000000003,0.41100000000000003,0.19899999999999998,3.3,24.3,13.6,9.4,0.8,0.0,10.2,23.8,-0.2,0.4,0.1,0.02,-4.3,-2.6,-6.8,-0.4,2018
145,Wayne Ellington,SG,30,MIA,77,2041,12.5,0.588,0.8270000000000001,0.111,1.3,10.7,6.0,5.9,1.3,0.3,6.6,17.3,2.6,1.9,4.5,0.105,1.8,-1.8,0.0,1.0,2018
146,Joel Embiid,C,23,PHI,63,1912,22.9,0.573,0.203,0.442,8.4,29.7,19.4,18.0,1.0,4.8,15.6,33.4,2.3,3.8,6.2,0.155,0.1,2.5,2.6,2.2,2018
147,James Ennis,SF,27,TOT,72,1604,11.6,0.588,0.39799999999999996,0.302,5.1,11.0,8.0,6.6,1.5,1.0,11.4,13.7,2.0,1.1,3.1,0.092,-0.6,-0.5,-1.1,0.4,2018
148,Tyler Ennis,PG,23,LAL,54,683,11.1,0.473,0.25,0.129,3.0,11.8,7.4,21.9,2.1,1.2,13.8,17.1,0.1,0.7,0.8,0.057999999999999996,-2.8,-0.1,-2.9,-0.1,2018
149,Jawun Evans,PG,21,LAC,48,778,7.2,0.42100000000000004,0.213,0.19399999999999998,1.3,10.4,5.9,17.8,2.3,0.6,13.8,17.7,-0.8,0.6,-0.2,-0.011000000000000001,-4.2,-0.5,-4.7,-0.5,2018
150,Jeremy Evans,SF,30,ATL,1,5,10.4,1.0,0.0,0.0,22.3,0.0,11.2,0.0,0.0,0.0,50.0,17.5,0.0,0.0,0.0,-0.027999999999999997,-2.3,-6.0,-8.3,0.0,2018
151,Tyreke Evans,PG,28,MEM,52,1607,21.1,0.561,0.354,0.258,3.1,16.3,9.5,31.2,1.8,1.0,11.5,28.4,3.1,1.2,4.2,0.126,4.4,-0.8,3.6,2.3,2018
152,Dante Exum,PG,22,UTA,14,235,16.7,0.5660000000000001,0.207,0.35600000000000004,2.0,10.5,6.3,29.7,1.7,1.1,16.6,23.1,0.3,0.3,0.7,0.133,-0.5,-0.7,-1.2,0.0,2018
153,Kenneth Faried,PF,28,DEN,32,461,17.4,0.552,0.006999999999999999,0.345,16.7,20.7,18.7,5.8,1.3,2.4,11.9,18.3,0.9,0.4,1.3,0.132,-1.1,-1.1,-2.3,0.0,2018
154,Derrick Favors,C,26,UTA,77,2153,18.8,0.593,0.09,0.306,10.6,18.5,14.6,7.8,1.3,3.2,9.9,18.5,4.5,3.5,8.0,0.179,0.5,2.2,2.7,2.5,2018
155,Kay Felder,PG,22,TOT,16,140,3.6,0.379,0.271,0.171,2.3,12.0,6.9,22.0,1.0,0.6,17.5,28.4,-0.6,0.1,-0.5,-0.175,-8.6,-3.8,-12.4,-0.4,2018
156,Cristiano Felicio,C,25,CHI,55,977,12.5,0.614,0.009000000000000001,0.377,8.8,17.1,12.8,8.4,0.8,1.0,17.7,13.6,1.2,0.5,1.7,0.086,-2.3,-0.1,-2.4,-0.1,2018
157,Raymond Felton,PG,33,OKC,82,1365,13.0,0.494,0.41700000000000004,0.08,2.0,11.0,6.3,22.5,1.8,1.1,11.7,20.4,0.9,1.3,2.2,0.078,-1.1,-1.7,-2.8,-0.3,2018
158,Terrance Ferguson,SG,19,OKC,61,763,7.4,0.545,0.71,0.059000000000000004,2.7,4.2,3.4,3.4,1.6,1.2,6.0,10.4,0.7,0.5,1.2,0.077,-1.2,-1.3,-2.5,-0.1,2018
159,Yogi Ferrell,SG,24,DAL,82,2282,11.4,0.54,0.49200000000000005,0.141,1.2,11.2,6.1,13.5,1.4,0.4,9.1,17.0,1.5,1.5,3.0,0.064,-0.4,-0.6,-1.0,0.6,2018
160,Dorian Finney-Smith,PF,24,DAL,21,448,7.6,0.48200000000000004,0.5539999999999999,0.124,5.3,13.6,9.3,8.4,1.1,0.8,14.1,15.1,-0.2,0.3,0.1,0.015,-2.8,-0.3,-3.1,-0.1,2018
161,Bryn Forbes,SG,24,SAS,80,1517,9.1,0.525,0.45899999999999996,0.145,0.9,7.2,4.0,7.8,0.9,0.1,6.5,16.7,0.8,1.3,2.1,0.067,-1.2,-1.9,-3.1,-0.4,2018
162,Evan Fournier,SF,25,ORL,57,1837,15.5,0.5770000000000001,0.418,0.21600000000000003,1.4,9.5,5.4,14.8,1.3,0.7,9.8,23.3,2.4,0.9,3.3,0.087,1.6,-2.1,-0.4,0.7,2018
163,De'Aaron Fox,PG,20,SAC,73,2026,11.2,0.478,0.192,0.245,1.8,10.0,5.7,24.6,1.7,0.9,16.4,23.4,-1.7,1.1,-0.6,-0.013999999999999999,-2.8,-1.5,-4.4,-1.2,2018
164,Tim Frazier,PG,27,WAS,59,838,11.3,0.475,0.326,0.174,2.4,13.1,7.8,31.1,2.8,0.7,23.5,12.8,0.4,1.0,1.4,0.08,-2.4,0.3,-2.1,0.0,2018
165,Channing Frye,C,34,TOT,53,695,13.1,0.599,0.542,0.09,1.9,19.4,10.8,7.9,1.3,1.6,8.7,15.2,0.9,0.6,1.5,0.10099999999999999,-0.7,-1.0,-1.7,0.1,2018
166,Markelle Fultz,SG,19,PHI,14,253,12.4,0.41600000000000004,0.009000000000000001,0.18899999999999997,4.9,13.1,9.2,31.3,2.3,1.3,12.4,23.1,-0.2,0.4,0.2,0.043,-3.8,0.8,-3.0,-0.1,2018
167,Danilo Gallinari,SF,29,LAC,21,671,13.8,0.545,0.434,0.34,1.5,14.9,8.3,8.9,0.9,1.2,8.1,20.6,0.8,0.4,1.2,0.08800000000000001,0.0,-1.4,-1.4,0.1,2018
168,Langston Galloway,SG,26,DET,58,863,12.2,0.503,0.6409999999999999,0.121,1.6,10.3,5.9,10.1,2.0,0.5,4.8,19.3,0.5,0.9,1.4,0.08,-0.2,-1.6,-1.7,0.1,2018
169,Marc Gasol,C,33,MEM,73,2408,17.4,0.532,0.31,0.326,3.7,25.3,14.2,21.7,1.1,3.9,14.1,25.6,1.5,2.6,4.0,0.08,-0.1,1.6,1.5,2.1,2018
170,Pau Gasol,C,37,SAS,77,1812,18.9,0.539,0.191,0.33299999999999996,7.8,30.2,19.0,20.1,0.7,3.6,13.1,20.4,2.7,3.3,6.0,0.159,-0.1,3.3,3.2,2.4,2018
171,Rudy Gay,PF,31,SAS,57,1231,18.0,0.545,0.22,0.27,6.8,19.5,13.1,9.8,1.9,2.6,11.5,24.6,1.0,2.1,3.1,0.122,-0.7,1.0,0.3,0.7,2018
172,Paul George,SF,27,OKC,79,2891,18.7,0.57,0.45399999999999996,0.307,2.7,14.9,8.6,14.5,2.8,1.2,12.2,25.7,5.0,3.9,8.9,0.147,2.5,0.0,2.6,3.3,2018
173,Marcus Georges-Hunt,SG,23,MIN,42,224,6.9,0.515,0.313,0.43799999999999994,3.6,4.7,4.1,4.1,1.3,0.0,5.0,11.9,0.2,0.0,0.2,0.049,-1.7,-2.7,-4.4,-0.1,2018
174,Jonathan Gibson,PG,30,BOS,4,40,25.4,0.7390000000000001,0.522,0.0,0.0,8.1,4.1,22.6,0.0,0.0,11.5,29.0,0.1,0.0,0.2,0.195,7.2,-5.3,1.9,0.0,2018
175,Taj Gibson,PF,32,MIN,82,2726,15.4,0.61,0.047,0.251,8.1,16.7,12.4,5.2,1.1,1.9,9.8,14.7,5.4,1.7,7.2,0.126,0.9,0.2,1.1,2.1,2018
176,Manu Ginobili,SG,40,SAS,65,1299,12.9,0.5529999999999999,0.415,0.28300000000000003,1.6,10.6,6.1,19.1,1.7,1.0,16.8,21.5,0.6,1.6,2.2,0.08199999999999999,-0.5,-0.5,-1.0,0.3,2018
177,Rudy Gobert,C,25,UTA,56,1816,20.7,0.657,0.0,0.6729999999999999,10.4,27.0,18.8,6.9,1.2,6.0,15.7,16.9,4.2,3.9,8.1,0.214,-0.3,4.6,4.3,2.9,2018
178,Aaron Gordon,PF,22,ORL,58,1909,16.5,0.53,0.395,0.26,5.0,21.5,13.2,11.7,1.5,1.9,10.0,24.7,0.9,2.0,2.9,0.07200000000000001,0.0,0.0,0.0,1.0,2018
179,Eric Gordon,SG,29,HOU,69,2154,15.2,0.578,0.627,0.248,1.3,7.5,4.4,11.7,1.0,1.1,10.8,24.7,2.9,1.8,4.7,0.105,1.4,-2.4,-1.0,0.5,2018
180,Marcin Gortat,C,33,WAS,82,2075,14.7,0.546,0.0,0.29100000000000004,9.9,24.0,17.0,10.6,1.0,2.6,13.5,15.5,2.4,2.4,4.9,0.113,-1.6,1.9,0.3,1.2,2018
181,Treveon Graham,SG,24,CHO,63,1050,9.0,0.5529999999999999,0.439,0.267,4.3,8.3,6.2,7.8,1.5,0.2,9.9,11.3,1.1,0.7,1.8,0.08,-0.6,-0.3,-0.9,0.3,2018
182,Jerami Grant,PF,23,OKC,81,1647,16.2,0.607,0.24100000000000002,0.526,5.6,16.3,10.7,5.1,0.9,4.2,8.8,16.0,3.5,1.9,5.4,0.156,-0.8,0.2,-0.6,0.6,2018
183,Jerian Grant,PG,25,CHI,74,1686,14.3,0.528,0.37200000000000005,0.374,1.9,9.3,5.5,30.1,1.8,0.4,13.2,17.4,2.3,1.0,3.3,0.094,-0.1,-1.8,-2.0,0.0,2018
184,Josh Gray,PG,24,PHO,5,86,7.2,0.349,0.317,0.268,2.4,10.1,6.2,20.8,4.5,1.9,13.2,26.1,-0.3,0.1,-0.2,-0.11800000000000001,-5.9,0.4,-5.5,-0.1,2018
185,Danny Green,SG,30,SAS,70,1791,11.4,0.509,0.57,0.11599999999999999,2.5,13.0,7.7,8.9,1.8,3.7,11.2,16.6,0.1,2.9,2.9,0.078,-1.1,2.2,1.2,1.4,2018
186,Draymond Green,PF,27,GSW,70,2287,16.1,0.556,0.414,0.27899999999999997,3.9,21.1,13.1,29.0,2.0,3.1,22.5,17.2,2.6,3.4,6.1,0.127,0.4,2.7,3.2,3.0,2018
187,Gerald Green,SG,32,HOU,41,929,14.1,0.5660000000000001,0.722,0.145,1.8,14.2,8.1,4.3,1.3,1.4,6.6,22.4,1.0,1.0,2.1,0.107,0.5,-2.4,-1.9,0.0,2018
188,JaMychal Green,PF,27,MEM,55,1542,14.0,0.53,0.26,0.22699999999999998,10.8,24.4,17.4,8.3,1.0,1.5,12.4,17.8,1.3,1.3,2.6,0.079,-1.2,-0.4,-1.5,0.2,2018
189,Jeff Green,PF,31,CLE,78,1828,14.8,0.5870000000000001,0.275,0.379,3.7,11.2,7.6,8.0,1.1,1.6,9.4,19.3,3.1,0.8,3.9,0.10300000000000001,-0.2,-1.7,-1.9,0.1,2018
190,Blake Griffin,PF,28,TOT,58,1970,19.6,0.544,0.32299999999999995,0.331,4.1,19.8,12.0,28.1,1.0,0.8,12.6,28.9,3.2,1.8,4.9,0.12,2.9,-0.1,2.8,2.4,2018
191,Daniel Hamilton,SG,22,OKC,6,28,18.2,0.545,0.455,0.0,0.0,20.5,9.9,44.2,1.8,0.0,15.4,19.9,0.1,0.0,0.1,0.16899999999999998,0.8,-2.4,-1.6,0.0,2018
192,Tim Hardaway,SG,25,NYK,57,1885,14.4,0.5329999999999999,0.479,0.209,1.9,11.3,6.6,12.7,1.6,0.5,9.0,23.8,1.6,1.1,2.6,0.067,1.7,-1.8,-0.1,0.9,2018
193,James Harden,SG,28,HOU,72,2551,29.8,0.619,0.498,0.502,1.8,15.2,8.6,45.1,2.4,1.7,15.1,36.1,11.6,3.8,15.4,0.289,9.6,1.3,10.9,8.3,2018
194,Maurice Harkless,SF,24,POR,59,1264,12.6,0.596,0.397,0.19899999999999998,4.0,9.9,7.0,6.0,1.9,2.8,11.0,12.6,1.6,1.7,3.2,0.12300000000000001,-0.2,2.0,1.8,1.2,2018
195,Montrezl Harrell,C,24,LAC,76,1293,24.7,0.647,0.013000000000000001,0.405,8.9,17.0,13.0,10.1,1.4,3.4,9.5,23.8,4.3,1.3,5.5,0.205,2.4,0.0,2.4,1.5,2018
196,Devin Harris,PG,34,TOT,71,1340,13.0,0.563,0.5,0.374,1.0,9.8,5.3,16.9,1.8,0.8,12.6,20.2,1.6,0.9,2.5,0.08900000000000001,-0.1,-1.9,-2.0,0.0,2018
197,Gary Harris,SG,23,DEN,67,2304,16.5,0.597,0.434,0.17800000000000002,1.8,6.8,4.3,13.0,2.6,0.5,10.8,20.7,3.9,1.5,5.5,0.114,2.4,-1.5,0.9,1.7,2018
198,Joe Harris,SG,26,BRK,78,1975,13.3,0.634,0.5760000000000001,0.16699999999999998,2.7,11.3,7.0,10.2,0.9,0.8,12.0,16.6,3.0,0.9,4.0,0.09699999999999999,1.3,-1.2,0.1,1.1,2018
199,Tobias Harris,PF,25,TOT,80,2668,17.1,0.565,0.364,0.177,2.4,15.7,9.0,11.8,1.3,1.1,7.4,23.3,4.2,2.5,6.7,0.12,1.5,-0.8,0.7,1.8,2018
200,Aaron Harrison,SG,23,DAL,9,233,5.1,0.392,0.623,0.24600000000000002,1.8,9.9,5.7,6.7,1.9,0.8,3.8,15.5,-0.3,0.2,-0.1,-0.013999999999999999,-3.6,-0.5,-4.1,-0.1,2018
201,Andrew Harrison,PG,23,MEM,56,1326,12.7,0.534,0.331,0.371,2.0,9.7,5.7,21.3,1.4,1.8,14.0,19.6,1.0,0.7,1.7,0.062,-0.9,-1.5,-2.5,-0.2,2018
202,Shaquille Harrison,PG,24,PHO,23,384,15.6,0.54,0.21,0.306,2.5,14.7,8.5,22.2,3.2,1.5,13.5,18.0,0.4,0.4,0.8,0.094,-0.7,0.9,0.2,0.2,2018
203,Josh Hart,SG,22,LAL,63,1461,12.2,0.596,0.525,0.251,3.1,16.0,9.6,7.6,1.5,0.9,10.1,13.5,1.9,1.5,3.4,0.111,-0.3,0.2,-0.1,0.7,2018
204,Udonis Haslem,C,37,MIA,14,72,1.8,0.252,0.5329999999999999,0.133,4.7,10.9,7.8,9.2,0.0,2.4,11.2,11.1,-0.1,0.1,-0.1,-0.059000000000000004,-7.1,-0.4,-7.5,-0.1,2018
205,Nigel Hayes,SF,23,TOT,9,122,6.4,0.39299999999999996,0.485,0.091,3.6,17.5,10.3,6.7,0.8,2.3,5.5,13.3,-0.2,0.1,-0.1,-0.034,-5.1,-1.3,-6.4,-0.1,2018
206,Gordon Hayward,SF,27,BOS,1,5,7.3,0.5,0.5,0.0,0.0,21.6,10.9,0.0,0.0,0.0,0.0,17.9,0.0,0.0,0.0,0.055999999999999994,-5.9,-6.1,-12.0,0.0,2018
207,Reggie Hearn,SG,26,DET,3,7,13.1,0.75,1.0,0.0,0.0,0.0,0.0,0.0,0.0,0.0,0.0,12.7,0.0,0.0,0.0,0.132,2.8,-5.1,-2.3,0.0,2018
208,Myke Henry,SF,25,MEM,20,378,9.7,0.47200000000000003,0.532,0.092,3.0,8.8,5.8,8.9,4.1,1.5,14.4,15.7,-0.3,0.4,0.1,0.017,-2.3,1.1,-1.3,0.1,2018
209,John Henson,C,27,MIL,76,1970,15.7,0.5820000000000001,0.013999999999999999,0.315,9.0,21.5,15.3,8.6,1.1,4.7,12.8,15.0,2.8,2.2,4.9,0.12,-1.4,1.8,0.4,1.2,2018
210,Juan Hernangomez,PF,22,DEN,25,277,9.7,0.511,0.667,0.16,7.4,14.6,11.0,5.9,1.1,0.9,10.1,14.0,0.2,0.1,0.4,0.061,-1.0,-2.2,-3.3,-0.1,2018
211,Willy Hernangomez,C,23,TOT,48,495,21.2,0.604,0.073,0.5489999999999999,13.3,27.2,20.2,10.5,1.8,2.7,14.7,21.0,1.1,0.7,1.8,0.174,0.1,0.8,0.9,0.4,2018
212,Mario Hezonja,SF,22,ORL,75,1657,13.7,0.544,0.433,0.17,2.7,16.1,9.3,10.0,2.4,1.5,11.5,19.9,0.5,1.8,2.3,0.066,-1.0,0.2,-0.8,0.5,2018
213,Isaiah Hicks,PF,23,NYK,18,240,6.8,0.501,0.125,0.25,4.6,14.3,9.5,9.5,0.4,1.4,16.7,17.4,-0.1,0.1,0.0,-0.003,-4.3,-1.4,-5.6,-0.2,2018
214,Buddy Hield,SG,25,SAC,80,2024,16.1,0.557,0.43700000000000006,0.087,3.0,14.8,8.6,12.8,2.1,1.0,11.3,24.3,1.3,1.5,2.8,0.067,1.2,-1.4,-0.2,0.9,2018
215,Nene Hilario,C,35,HOU,52,758,16.4,0.594,0.008,0.44799999999999995,8.1,18.0,13.1,9.5,1.8,1.6,11.7,18.9,1.5,1.1,2.6,0.163,-1.5,0.7,-0.8,0.2,2018
216,George Hill,PG,31,TOT,67,1812,13.3,0.58,0.4,0.273,2.6,8.9,5.7,15.0,1.7,1.3,13.3,16.3,2.3,0.9,3.2,0.085,0.3,-0.9,-0.6,0.6,2018
217,Solomon Hill,SF,26,NOP,12,187,4.8,0.332,0.512,0.146,5.4,15.1,10.4,14.4,1.8,0.4,17.1,12.2,-0.2,0.2,-0.1,-0.013999999999999999,-4.4,0.6,-3.8,-0.1,2018
218,Darrun Hilliard,SG,24,SAS,14,95,3.4,0.36200000000000004,0.316,0.368,0.0,8.2,4.1,15.3,1.1,0.0,15.3,12.3,-0.1,0.1,0.0,-0.015,-6.2,-1.3,-7.5,-0.1,2018
219,Jrue Holiday,SG,27,NOP,81,2927,17.8,0.57,0.28600000000000003,0.191,2.4,10.8,6.8,24.9,2.0,1.7,13.6,23.1,4.2,2.9,7.1,0.11599999999999999,1.8,0.3,2.1,3.0,2018
220,Justin Holiday,SG,28,CHI,72,2265,10.8,0.513,0.574,0.21,1.4,12.8,6.9,10.1,1.7,1.2,9.8,18.2,0.1,1.6,1.7,0.036000000000000004,-1.0,-0.3,-1.3,0.4,2018
221,John Holland,SF,29,CLE,24,174,5.9,0.41700000000000004,0.61,0.22,3.9,11.4,7.7,3.9,2.0,1.0,11.0,18.5,-0.3,0.1,-0.2,-0.05,-4.7,-2.6,-7.3,-0.2,2018
222,Rondae Hollis-Jefferson,SF,23,BRK,68,1920,16.9,0.5479999999999999,0.075,0.436,5.5,20.0,12.7,14.2,1.6,1.9,12.3,22.2,2.1,2.0,4.1,0.10300000000000001,-1.5,1.1,-0.4,0.8,2018
223,Richaun Holmes,C,24,PHI,48,746,17.4,0.585,0.129,0.23199999999999998,8.6,21.4,15.2,12.3,1.3,3.2,8.6,16.6,1.6,1.3,2.8,0.183,-0.2,1.9,1.7,0.7,2018
224,Rodney Hood,SG,25,TOT,60,1616,14.3,0.546,0.44299999999999995,0.172,1.6,9.9,5.8,9.7,1.4,0.6,8.0,24.3,1.2,1.5,2.7,0.081,0.2,-2.2,-2.0,0.0,2018
225,Scotty Hopson,SG,28,DAL,1,8,-4.6,0.266,0.0,2.0,0.0,0.0,0.0,15.8,0.0,0.0,34.7,16.3,0.0,0.0,0.0,-0.23800000000000002,-14.7,-6.0,-20.7,0.0,2018
226,Al Horford,C,31,BOS,72,2277,17.6,0.575,0.3,0.159,5.0,20.2,12.7,23.6,0.9,2.9,14.1,18.4,4.0,3.8,7.8,0.165,1.1,2.9,4.0,3.5,2018
227,Danuel House,SG,24,PHO,23,403,12.4,0.5329999999999999,0.45,0.24,3.4,17.0,10.1,9.4,0.8,1.2,7.2,16.2,0.4,0.1,0.6,0.066,-1.2,-1.5,-2.7,-0.1,2018
228,Dwight Howard,C,32,CHO,81,2463,20.5,0.5770000000000001,0.008,0.639,11.0,33.8,22.2,7.1,1.0,4.4,15.1,24.2,2.9,3.9,6.8,0.132,-2.0,1.7,-0.3,1.1,2018
229,Josh Huestis,PF,26,OKC,69,982,5.4,0.41700000000000004,0.632,0.11,4.6,13.9,9.1,2.7,0.8,4.0,12.0,9.5,-0.5,1.0,0.5,0.024,-4.6,0.7,-3.9,-0.5,2018
230,R.J. Hunter,SG,24,HOU,5,45,8.5,0.455,0.7,0.1,0.0,12.4,6.3,10.3,3.3,0.0,8.7,22.5,0.0,0.1,0.0,0.022000000000000002,-3.0,-1.6,-4.5,0.0,2018
231,Vince Hunter,PF,23,MEM,4,7,35.8,0.6,0.0,0.0,32.3,16.9,24.8,0.0,0.0,13.4,16.7,38.5,0.0,0.0,0.0,0.09699999999999999,-3.1,-5.9,-9.0,0.0,2018
232,Serge Ibaka,PF,28,TOR,76,2093,14.7,0.574,0.379,0.151,4.3,21.0,12.8,4.4,0.7,3.8,9.7,19.4,2.1,3.0,5.1,0.11699999999999999,-0.8,0.6,-0.2,1.0,2018
233,Andre Iguodala,SF,34,GSW,64,1622,11.2,0.536,0.366,0.272,3.7,12.6,8.5,16.2,1.6,1.9,15.8,11.5,1.6,1.6,3.2,0.094,-0.7,0.9,0.2,0.9,2018
234,Ersan Ilyasova,PF,30,TOT,69,1729,14.9,0.5579999999999999,0.413,0.22,7.6,18.0,12.9,7.9,1.7,1.3,9.7,18.7,2.2,1.9,4.0,0.11199999999999999,0.2,-0.1,0.1,0.9,2018
235,Joe Ingles,SF,30,UTA,82,2578,14.4,0.623,0.6459999999999999,0.11599999999999999,1.1,13.9,7.6,22.9,1.8,0.7,17.4,15.9,4.0,3.6,7.6,0.141,2.1,1.0,3.1,3.3,2018
236,Andre Ingram,SG,32,LAL,2,64,16.3,0.655,0.529,0.17600000000000002,1.7,8.3,5.0,15.3,2.2,3.8,14.1,14.1,0.1,0.1,0.2,0.157,0.4,0.9,1.3,0.1,2018
237,Brandon Ingram,SF,20,LAL,59,1975,13.8,0.536,0.138,0.371,3.1,13.8,8.5,17.7,1.1,1.8,14.4,22.2,1.0,1.8,2.8,0.068,-1.6,0.3,-1.3,0.4,2018
238,Kyrie Irving,PG,25,BOS,60,1931,25.0,0.61,0.374,0.24,1.9,10.8,6.4,30.7,1.7,0.7,10.4,31.0,6.3,2.7,8.9,0.222,6.9,-0.7,6.2,4.0,2018
239,Jonathan Isaac,PF,20,ORL,27,536,9.8,0.465,0.317,0.172,3.3,17.2,10.2,4.8,3.0,4.5,14.8,15.0,-0.6,0.8,0.2,0.021,-4.9,3.1,-1.8,0.0,2018
240,Wesley Iwundu,SF,23,ORL,62,1020,7.8,0.48,0.21100000000000002,0.21600000000000003,3.9,11.0,7.4,7.8,1.6,0.9,11.2,11.6,0.0,0.7,0.7,0.032,-3.7,0.2,-3.5,-0.4,2018
241,Jarrett Jack,PG,34,NYK,62,1548,11.5,0.489,0.19399999999999998,0.16899999999999998,1.6,12.1,6.8,31.3,1.1,0.2,19.5,16.7,0.5,0.7,1.2,0.036000000000000004,-1.9,-1.7,-3.5,-0.6,2018
242,Aaron Jackson,PG,31,HOU,1,35,2.4,0.405,0.444,0.222,6.5,3.2,4.8,4.0,0.0,0.0,9.2,13.7,0.0,0.0,0.0,-0.017,-4.6,-3.0,-7.7,-0.1,2018
243,Demetrius Jackson,PG,23,TOT,15,80,5.4,0.424,0.389,0.111,7.1,9.8,8.4,15.9,3.1,1.1,34.6,15.8,-0.2,0.1,-0.1,-0.047,-6.4,1.0,-5.5,-0.1,2018
244,Josh Jackson,SF,20,PHO,77,1959,11.8,0.48,0.233,0.299,5.1,14.2,9.6,10.1,2.0,1.4,12.2,26.0,-2.0,1.2,-0.7,-0.018000000000000002,-3.1,-1.2,-4.3,-1.1,2018
245,Justin Jackson,SF,22,SAC,68,1506,9.2,0.521,0.442,0.086,2.0,12.6,7.1,7.2,0.9,0.8,8.4,14.2,0.4,0.5,1.0,0.031,-2.0,-1.5,-3.5,-0.6,2018
246,Reggie Jackson,PG,27,DET,45,1201,15.9,0.516,0.293,0.23199999999999998,2.6,9.0,5.7,32.8,1.1,0.3,13.5,27.1,1.1,0.9,2.0,0.078,0.8,-2.3,-1.5,0.2,2018
247,LeBron James,PF,33,CLE,82,3026,28.6,0.621,0.257,0.336,3.7,22.3,13.1,44.4,1.9,2.0,16.1,31.6,11.0,3.0,14.0,0.221,7.6,2.0,9.6,8.9,2018
248,Mike James,PG,27,TOT,36,687,13.9,0.469,0.305,0.262,2.0,12.2,7.0,29.4,2.0,0.8,12.0,25.1,-0.1,0.3,0.2,0.017,-0.9,-1.8,-2.6,-0.1,2018
249,Al Jefferson,C,33,IND,36,484,20.2,0.563,0.013999999999999999,0.17300000000000001,7.0,26.2,16.7,10.0,1.7,4.2,8.6,22.5,0.8,0.8,1.6,0.158,-1.7,1.3,-0.5,0.2,2018
250,Richard Jefferson,SF,37,DEN,20,163,6.4,0.499,0.259,0.259,1.4,10.3,5.9,12.0,0.6,0.5,14.3,9.4,0.1,0.0,0.1,0.028999999999999998,-3.8,-2.0,-5.9,-0.2,2018
251,Brandon Jennings,PG,28,MIL,14,205,12.7,0.478,0.45799999999999996,0.139,2.9,14.8,8.9,31.1,1.5,1.7,19.1,20.8,0.0,0.1,0.1,0.026000000000000002,-2.0,-1.7,-3.8,-0.1,2018
252,Jonas Jerebko,PF,30,UTA,74,1134,13.2,0.586,0.46,0.16699999999999998,5.4,19.1,12.3,5.7,1.1,0.9,6.9,15.6,1.8,1.6,3.4,0.14400000000000002,-0.3,-0.3,-0.6,0.4,2018
253,Amir Johnson,C,30,PHI,74,1171,14.9,0.575,0.12300000000000001,0.327,11.8,18.3,15.2,13.9,1.8,3.1,15.6,12.8,2.1,2.0,4.1,0.16899999999999998,-0.2,3.1,2.9,1.5,2018
254,Brice Johnson,PF,23,TOT,18,98,18.2,0.486,0.024,0.11900000000000001,10.4,25.5,17.9,3.4,4.5,5.5,10.2,22.3,0.0,0.2,0.2,0.08199999999999999,-4.9,2.0,-2.8,0.0,2018
255,Dakari Johnson,C,22,OKC,31,161,16.4,0.575,0.0,0.513,10.7,12.8,11.7,7.2,1.8,4.5,5.9,13.5,0.4,0.2,0.6,0.17800000000000002,-0.9,1.2,0.3,0.1,2018
256,James Johnson,PF,30,MIA,73,1943,15.8,0.575,0.301,0.264,3.5,17.2,10.3,22.5,1.8,2.2,17.1,19.1,2.2,2.8,5.0,0.12300000000000001,-0.1,1.7,1.7,1.8,2018
257,Joe Johnson,SF,36,TOT,55,1205,8.1,0.49,0.40299999999999997,0.125,1.3,14.7,8.1,10.2,0.7,0.5,11.4,15.9,-0.3,1.3,1.0,0.04,-3.4,-0.4,-3.8,-0.5,2018
258,Omari Johnson,PF,28,MEM,4,75,10.5,0.524,0.5710000000000001,0.0,6.0,11.1,8.5,14.5,1.3,0.0,12.5,14.4,0.1,0.0,0.1,0.053,-0.6,-2.2,-2.8,0.0,2018
259,Stanley Johnson,SF,21,DET,69,1894,9.0,0.48,0.418,0.259,1.9,13.0,7.3,8.5,2.5,0.7,11.0,16.4,-0.6,2.4,1.8,0.046,-2.6,1.1,-1.5,0.2,2018
260,Tyler Johnson,PG,25,MIA,72,2052,13.0,0.5489999999999999,0.456,0.18100000000000002,1.9,11.7,6.8,12.4,1.5,1.4,9.5,18.6,1.9,2.3,4.2,0.09699999999999999,-0.1,-0.1,-0.2,0.9,2018
261,Wesley Johnson,SF,30,LAC,74,1486,9.8,0.512,0.48100000000000004,0.158,2.2,13.6,8.0,5.6,2.5,3.5,12.3,13.0,-0.1,1.7,1.7,0.055,-2.0,2.3,0.3,0.9,2018
262,Nikola Jokic,C,22,DEN,75,2443,24.4,0.603,0.27699999999999997,0.31,9.0,27.9,18.5,29.6,1.8,2.1,15.5,24.2,7.8,2.9,10.7,0.21100000000000002,4.8,2.3,7.1,5.6,2018
263,Damian Jones,C,22,GSW,15,89,6.8,0.517,0.0,0.22699999999999998,6.8,10.6,8.8,2.9,0.5,2.7,14.2,13.9,0.0,0.1,0.1,0.031,-4.9,-1.7,-6.6,-0.1,2018
264,Derrick Jones,SF,20,TOT,20,245,10.1,0.48,0.34,0.45299999999999996,9.6,7.8,8.7,5.1,0.8,4.4,9.9,12.8,0.1,0.2,0.4,0.075,-2.7,0.7,-2.0,0.0,2018
265,Jalen Jones,SF,24,TOT,16,181,10.3,0.485,0.382,0.27899999999999997,7.7,15.7,11.6,3.5,1.4,0.5,8.4,20.9,0.0,0.2,0.1,0.027000000000000003,-3.5,-2.9,-6.4,-0.2,2018
266,Tyus Jones,PG,21,MIN,82,1467,14.1,0.5720000000000001,0.39299999999999996,0.247,1.2,9.2,5.2,21.2,3.2,0.4,14.0,12.7,2.3,1.2,3.6,0.11699999999999999,0.8,-0.3,0.5,0.9,2018
267,DeAndre Jordan,C,29,LAC,77,2424,20.2,0.648,0.0,0.54,15.1,37.6,26.5,7.1,0.8,2.4,16.1,15.2,6.0,3.4,9.4,0.18600000000000003,0.5,1.6,2.1,2.5,2018
268,Cory Joseph,PG,26,IND,82,2210,11.0,0.503,0.315,0.156,2.0,11.4,6.7,16.1,1.8,0.7,11.9,14.8,1.2,2.0,3.1,0.068,-1.3,0.1,-1.2,0.5,2018
269,Frank Kaminsky,PF,24,CHO,79,1835,14.4,0.545,0.38299999999999995,0.271,2.7,14.5,8.5,11.0,1.0,0.9,7.6,20.5,2.3,1.3,3.6,0.094,0.3,-1.2,-0.9,0.5,2018
270,Enes Kanter,C,25,NYK,71,1830,24.0,0.63,0.003,0.258,16.6,30.6,23.6,9.4,1.0,1.7,13.3,21.8,5.5,2.1,7.6,0.198,2.4,0.1,2.5,2.1,2018
271,Luke Kennard,SG,21,DET,73,1463,12.1,0.56,0.419,0.163,1.6,11.9,6.6,12.7,1.5,0.8,12.2,17.2,1.1,1.4,2.6,0.085,-1.1,-0.4,-1.5,0.2,2018
272,Michael Kidd-Gilchrist,SF,24,CHO,74,1850,12.5,0.536,0.004,0.305,4.8,13.0,8.8,5.9,1.3,1.4,7.7,16.1,1.7,1.6,3.3,0.084,-2.0,0.3,-1.8,0.1,2018
273,Sean Kilpatrick,SG,28,TOT,52,640,11.6,0.507,0.49,0.245,0.8,14.2,7.5,11.3,1.0,0.7,10.4,24.9,-0.2,0.3,0.1,0.008,-2.5,-3.6,-6.1,-0.7,2018
274,Maxi Kleber,PF,26,DAL,72,1206,13.4,0.5760000000000001,0.414,0.191,6.3,15.6,10.8,6.4,1.1,3.5,8.2,13.7,1.6,1.2,2.8,0.113,-1.0,1.2,0.2,0.7,2018
275,Furkan Korkmaz,SG,20,PHI,14,80,3.4,0.386,0.607,0.14300000000000002,2.8,11.7,7.4,6.7,1.2,1.0,6.3,16.9,-0.1,0.1,0.0,-0.006,-5.0,-1.8,-6.9,-0.1,2018
276,Luke Kornet,PF,22,NYK,20,326,13.6,0.516,0.632,0.08800000000000001,3.8,18.0,10.9,11.6,0.9,4.2,8.5,19.0,0.2,0.3,0.5,0.077,0.1,0.1,0.2,0.2,2018
277,Kyle Korver,SG,36,CLE,73,1574,13.4,0.652,0.777,0.149,0.7,10.9,5.9,8.0,1.0,1.5,9.6,16.0,2.8,0.6,3.4,0.10400000000000001,2.2,-2.0,0.1,0.9,2018
278,Kosta Koufos,C,28,SAC,71,1391,17.5,0.5660000000000001,0.0,0.19,11.7,27.6,19.3,9.7,1.7,2.2,10.4,15.2,2.3,1.5,3.9,0.134,-0.8,1.4,0.5,0.9,2018
279,Kyle Kuzma,PF,22,LAL,77,2401,14.2,0.5489999999999999,0.418,0.2,3.9,17.4,10.7,9.1,1.0,1.1,11.0,22.5,1.5,2.3,3.8,0.077,-0.3,-1.0,-1.3,0.4,2018
280,Mindaugas Kuzminskas,SF,28,NYK,1,2,-41.1,0.0,0.0,0.0,0.0,0.0,0.0,0.0,0.0,0.0,0.0,43.7,0.0,0.0,0.0,-1.065,-36.6,-12.7,-49.3,0.0,2018
281,Skal Labissiere,PF,21,SAC,60,1240,14.3,0.513,0.111,0.258,8.7,18.1,13.2,9.1,1.0,3.7,12.5,21.1,0.4,1.0,1.4,0.054000000000000006,-2.7,0.1,-2.6,-0.2,2018
282,Jeremy Lamb,SG,25,CHO,80,1967,17.0,0.5589999999999999,0.305,0.25,2.7,15.4,8.9,15.4,1.5,1.4,9.1,22.4,3.0,1.9,4.9,0.12,1.2,-0.2,0.9,1.5,2018
283,Shane Larkin,PG,25,BOS,54,775,10.3,0.491,0.39299999999999996,0.16899999999999998,2.1,10.7,6.5,18.5,1.9,0.2,12.3,15.5,0.3,1.1,1.4,0.087,-2.3,0.2,-2.1,0.0,2018
284,Joffrey Lauvergne,C,26,SAS,55,534,16.5,0.536,0.026000000000000002,0.247,13.0,22.6,17.8,12.2,0.9,0.5,13.5,20.4,0.6,0.7,1.3,0.12,-1.4,-0.1,-1.6,0.1,2018
285,Zach LaVine,SG,22,CHI,24,656,14.6,0.499,0.34600000000000003,0.301,1.4,14.4,7.7,18.6,1.8,0.5,9.7,29.5,-0.1,0.5,0.3,0.025,-0.6,-2.0,-2.7,-0.1,2018
286,Jake Layman,SF,23,POR,35,160,4.9,0.35200000000000004,0.426,0.064,2.8,8.1,5.5,9.4,1.9,2.0,9.4,14.6,-0.3,0.2,-0.1,-0.021,-5.3,0.4,-5.0,-0.1,2018
287,T.J. Leaf,PF,20,IND,53,459,10.7,0.545,0.309,0.11800000000000001,7.2,13.0,10.1,2.8,0.5,0.8,6.5,14.9,0.5,0.3,0.8,0.08199999999999999,-1.9,-2.9,-4.8,-0.3,2018
288,Courtney Lee,SG,32,NYK,76,2310,13.0,0.564,0.368,0.16399999999999998,1.4,9.3,5.4,11.3,1.7,0.6,9.4,16.9,2.7,1.2,3.9,0.08199999999999999,0.8,-0.7,0.0,1.2,2018
289,Damion Lee,SG,25,ATL,15,404,12.0,0.489,0.395,0.191,3.0,16.6,9.8,11.2,2.3,0.2,7.8,19.3,0.0,0.4,0.4,0.046,-1.7,-0.4,-2.1,0.0,2018
290,Walt Lemon,PG,25,NOP,5,35,6.9,0.491,0.063,0.188,0.0,6.0,3.1,21.1,0.0,2.3,18.8,26.4,-0.1,0.0,-0.1,-0.071,-7.5,-4.2,-11.7,-0.1,2018
291,Alex Len,C,24,PHO,69,1395,19.4,0.612,0.008,0.611,13.2,26.7,19.8,9.1,0.9,3.5,14.0,17.0,3.2,1.3,4.5,0.154,-0.3,1.1,0.8,1.0,2018
292,Kawhi Leonard,SF,26,SAS,9,210,26.0,0.5720000000000001,0.315,0.342,3.1,19.1,11.1,17.7,4.3,3.6,11.1,30.6,0.3,0.5,0.9,0.196,2.7,3.2,5.9,0.4,2018
293,Meyers Leonard,C,25,POR,33,254,17.8,0.6759999999999999,0.33299999999999996,0.141,5.2,24.7,15.0,10.6,1.4,0.0,10.8,16.1,0.7,0.3,1.1,0.2,1.2,-0.2,0.9,0.2,2018
294,Jon Leuer,PF,28,DET,8,136,8.9,0.505,0.083,0.41700000000000004,5.6,20.7,13.0,5.3,0.4,2.0,14.1,16.1,0.0,0.1,0.1,0.05,-5.6,-0.4,-5.9,-0.1,2018
295,Caris LeVert,SF,23,BRK,71,1864,14.2,0.525,0.33299999999999996,0.254,3.0,11.9,7.4,26.0,2.1,0.9,15.8,22.5,0.7,1.6,2.3,0.057999999999999996,-0.3,-0.2,-0.5,0.7,2018
296,DeAndre Liggins,SG,29,TOT,58,724,6.0,0.467,0.5,0.047,1.1,10.6,5.9,8.4,2.5,1.6,15.6,7.9,-0.2,0.7,0.5,0.034,-3.4,1.2,-2.2,0.0,2018
297,Damian Lillard,PG,27,POR,73,2670,25.2,0.594,0.445,0.38,2.6,10.6,6.6,30.9,1.4,0.8,11.1,30.6,9.9,2.7,12.6,0.22699999999999998,7.7,-1.0,6.7,5.9,2018
298,Jeremy Lin,PG,29,BRK,1,25,15.9,0.597,0.16699999999999998,0.583,0.0,0.0,0.0,27.1,0.0,0.0,16.6,31.3,0.0,0.0,0.0,0.087,-3.1,-10.4,-13.5,-0.1,2018
299,Shaun Livingston,PG,32,GSW,71,1129,11.6,0.5329999999999999,0.015,0.17800000000000002,3.4,9.2,6.5,16.8,1.5,1.5,13.6,16.6,0.9,0.9,1.8,0.077,-2.6,-0.9,-3.5,-0.4,2018
300,Kevon Looney,C,21,GSW,66,910,14.8,0.588,0.026000000000000002,0.39899999999999997,11.0,15.2,13.2,6.0,1.8,4.9,12.0,12.4,1.5,1.3,2.8,0.145,-0.9,2.1,1.2,0.7,2018
301,Brook Lopez,C,29,LAL,74,1735,16.5,0.557,0.41,0.19899999999999998,4.6,13.4,9.0,11.6,0.8,4.6,10.2,23.5,1.9,1.9,3.8,0.105,0.3,0.2,0.5,1.1,2018
302,Robin Lopez,C,29,CHI,64,1690,14.7,0.552,0.022000000000000002,0.14,8.2,10.3,9.2,12.3,0.4,2.8,13.5,20.4,1.2,0.7,1.9,0.055,-1.7,-0.3,-1.9,0.0,2018
303,Kevin Love,C,29,CLE,59,1651,22.4,0.614,0.45299999999999996,0.365,7.0,29.8,18.6,9.8,1.3,1.2,9.6,25.1,4.7,1.6,6.4,0.185,2.7,-1.5,1.3,1.4,2018
304,Kyle Lowry,PG,31,TOR,78,2510,19.5,0.598,0.631,0.276,3.0,16.1,9.7,30.9,1.7,0.6,14.7,21.7,7.0,3.1,10.2,0.19399999999999998,5.4,0.5,5.9,5.0,2018
305,Timothe Luwawu-Cabarrot,SF,22,PHI,52,807,7.0,0.511,0.5920000000000001,0.217,1.9,7.5,4.8,9.3,0.7,0.5,11.5,17.5,0.1,0.7,0.8,0.046,-2.3,-2.4,-4.7,-0.5,2018
306,Tyler Lydon,PF,21,DEN,1,2,0.0,,,,0.0,0.0,0.0,0.0,0.0,0.0,,0.0,0.0,0.0,0.0,-0.013999999999999999,-5.7,-0.8,-6.5,0.0,2018
307,Trey Lyles,PF,22,DEN,73,1391,17.9,0.591,0.396,0.26,4.5,23.5,14.0,10.1,1.1,2.0,9.1,21.1,2.7,1.2,3.9,0.135,0.6,-1.4,-0.8,0.4,2018
308,Shelvin Mack,PG,27,ORL,69,1365,13.3,0.518,0.336,0.23399999999999999,1.8,11.6,6.7,29.5,1.9,0.5,16.3,17.6,1.0,1.0,1.9,0.069,-1.2,-1.2,-2.4,-0.1,2018
309,Josh Magette,PG,28,ATL,18,216,11.9,0.46399999999999997,0.478,0.174,1.0,8.8,4.9,36.4,1.8,0.4,15.4,11.8,0.3,0.1,0.4,0.092,-2.3,-3.0,-5.4,-0.2,2018
310,Ian Mahinmi,C,31,WAS,77,1145,12.2,0.601,0.008,0.516,13.4,17.4,15.4,6.6,1.6,3.2,24.7,15.6,0.8,1.4,2.2,0.09300000000000001,-2.3,1.6,-0.7,0.4,2018
311,Thon Maker,C,20,MIL,74,1238,10.2,0.499,0.32899999999999996,0.294,7.1,14.2,10.6,5.2,1.5,3.7,11.0,14.6,0.3,1.1,1.5,0.055999999999999994,-2.7,0.0,-2.7,-0.2,2018
312,Boban Marjanovic,C,29,TOT,39,337,26.0,0.616,0.0,0.655,15.7,31.4,23.5,11.2,1.5,2.8,15.9,29.4,1.0,0.5,1.5,0.215,-0.3,-0.3,-0.6,0.1,2018
313,Lauri Markkanen,PF,20,CHI,68,2020,15.6,0.552,0.465,0.193,4.0,23.7,13.5,6.4,0.9,1.8,8.2,21.9,1.7,1.6,3.3,0.079,-0.6,-1.3,-1.9,0.1,2018
314,Jarell Martin,PF,23,MEM,73,1661,10.5,0.516,0.198,0.23399999999999999,6.6,15.8,11.1,7.0,1.2,2.8,13.6,17.1,0.1,1.2,1.3,0.038,-3.0,0.0,-3.0,-0.4,2018
315,Frank Mason,PG,23,SAC,52,984,13.0,0.48,0.226,0.303,3.3,12.1,7.5,22.7,1.7,1.0,13.1,22.6,0.0,0.6,0.5,0.027000000000000003,-2.0,-1.4,-3.4,-0.4,2018
316,Mangok Mathiang,C,25,CHO,4,20,18.0,0.5379999999999999,0.0,0.14300000000000002,16.0,38.5,27.1,0.0,2.4,0.0,0.0,16.1,0.0,0.0,0.1,0.183,-4.1,-5.7,-9.8,0.0,2018
317,Wesley Matthews,SF,31,DAL,63,2131,11.4,0.541,0.5770000000000001,0.145,1.4,9.2,5.2,12.3,1.8,0.7,10.1,17.6,1.0,1.6,2.6,0.059000000000000004,0.2,-0.2,0.1,1.1,2018
318,Luc Mbah a Moute,PF,31,HOU,61,1564,10.3,0.595,0.501,0.275,1.6,11.7,6.7,5.0,2.3,1.4,15.0,12.8,0.8,2.1,2.8,0.087,-1.5,1.5,0.0,0.8,2018
319,James Michael McAdoo,PF,25,PHI,3,18,7.4,0.508,1.0,0.28600000000000003,0.0,11.5,6.0,0.0,0.0,4.6,11.3,21.0,0.0,0.0,0.0,0.023,-4.3,-4.4,-8.7,0.0,2018
320,Patrick McCaw,SG,22,GSW,57,961,7.4,0.47700000000000004,0.35600000000000004,0.151,2.0,7.2,4.8,10.6,2.2,0.8,14.6,12.8,-0.3,0.8,0.6,0.028999999999999998,-2.9,-0.5,-3.4,-0.3,2018
321,CJ McCollum,SG,26,POR,81,2923,17.0,0.536,0.316,0.166,2.0,9.9,6.0,15.8,1.3,1.0,8.6,26.5,3.7,2.9,6.6,0.10800000000000001,1.4,-1.0,0.4,1.8,2018
322,T.J. McConnell,PG,25,PHI,76,1706,12.5,0.545,0.147,0.09300000000000001,2.4,11.5,7.1,24.5,2.6,0.6,20.4,13.8,1.3,2.5,3.8,0.10800000000000001,-1.8,1.1,-0.7,0.5,2018
323,Erik McCree,SF,24,UTA,4,8,-8.9,0.0,0.5,0.0,0.0,14.0,7.1,0.0,6.3,0.0,33.3,16.9,-0.1,0.0,-0.1,-0.33399999999999996,-17.2,2.5,-14.7,0.0,2018
324,Chris McCullough,PF,22,WAS,19,90,15.8,0.478,0.19,0.33299999999999996,8.8,22.6,15.7,7.1,0.0,4.9,4.0,24.6,0.1,0.1,0.2,0.081,-3.8,-1.9,-5.7,-0.1,2018
325,Doug McDermott,SF,26,TOT,81,1768,10.4,0.579,0.425,0.159,2.5,10.2,6.3,6.5,0.5,0.8,9.3,15.0,1.7,0.6,2.3,0.063,-0.7,-1.7,-2.4,-0.2,2018
326,JaVale McGee,C,30,GSW,65,615,22.3,0.6409999999999999,0.027000000000000003,0.237,11.5,18.7,15.4,8.0,1.6,7.3,10.0,19.2,1.7,1.1,2.7,0.212,0.4,2.1,2.6,0.7,2018
327,Rodney McGruder,SG,26,MIA,18,299,12.0,0.595,0.479,0.11,4.1,7.9,6.0,8.4,1.3,0.9,5.0,12.1,0.5,0.3,0.8,0.125,0.1,-0.7,-0.6,0.1,2018
328,Trey McKinney-Jones,SG,27,IND,1,1,0.0,,,,0.0,0.0,0.0,0.0,0.0,0.0,,0.0,0.0,0.0,0.0,-0.001,-5.8,-0.1,-5.9,0.0,2018
329,Alfonzo McKinnie,SF,25,TOR,14,53,10.1,0.643,0.6,0.2,2.2,12.4,7.4,2.7,0.9,1.5,15.5,16.0,0.0,0.1,0.1,0.084,-1.3,-1.8,-3.1,0.0,2018
330,Ben McLemore,SG,24,MEM,56,1091,9.7,0.526,0.426,0.172,3.5,11.4,7.4,7.5,1.8,1.3,13.2,19.0,-0.2,0.7,0.5,0.023,-2.1,-1.4,-3.6,-0.4,2018
331,Josh McRoberts,PF,30,DAL,2,6,-12.5,0.0,1.0,0.0,0.0,0.0,0.0,0.0,0.0,0.0,0.0,7.6,0.0,0.0,0.0,-0.19,-9.8,-2.4,-12.2,0.0,2018
332,Jodie Meeks,SG,30,WAS,77,1119,12.4,0.5479999999999999,0.534,0.298,1.5,11.2,6.4,9.1,1.3,0.3,7.7,19.0,1.3,0.8,2.0,0.087,-0.4,-2.5,-2.8,-0.2,2018
333,Salah Mejri,C,31,DAL,61,729,17.8,0.644,0.022000000000000002,0.48200000000000004,12.5,25.4,18.7,7.2,1.5,8.2,19.0,12.8,1.3,1.3,2.7,0.175,-2.2,5.3,3.1,0.9,2018
334,Jordan Mickey,PF,23,MIA,23,284,10.6,0.515,0.195,0.23199999999999998,7.1,24.9,16.0,4.8,1.1,3.0,16.6,17.1,-0.1,0.4,0.3,0.054000000000000006,-5.5,0.4,-5.1,-0.2,2018
335,Khris Middleton,SF,26,MIL,82,2982,17.4,0.5770000000000001,0.32,0.285,1.8,15.0,8.4,17.7,2.0,0.6,11.8,24.6,4.6,2.3,6.9,0.111,1.6,-1.2,0.4,1.8,2018
336,C.J. Miles,SF,30,TOR,70,1337,13.0,0.545,0.758,0.162,1.5,11.0,6.4,6.0,1.4,1.3,5.7,22.3,1.4,1.5,2.9,0.10300000000000001,1.7,-2.2,-0.5,0.5,2018
337,Darius Miller,SF,27,NOP,82,1944,9.3,0.617,0.735,0.138,1.0,7.9,4.6,7.5,0.7,0.7,10.1,12.8,2.1,0.9,3.0,0.075,0.5,-1.6,-1.0,0.5,2018
338,Malcolm Miller,SF,24,TOR,15,126,8.9,0.638,0.75,0.14300000000000002,3.6,9.6,6.7,3.2,0.4,1.3,14.4,12.1,0.1,0.1,0.2,0.087,-0.5,-1.5,-2.0,0.0,2018
339,Patty Mills,PG,29,SAS,82,2107,11.8,0.5579999999999999,0.607,0.17300000000000001,1.4,6.8,4.1,16.0,1.3,0.4,12.6,17.8,2.0,2.1,4.1,0.09300000000000001,0.9,-1.3,-0.4,0.9,2018
340,Paul Millsap,PF,32,DEN,38,1143,17.0,0.5489999999999999,0.26,0.37,6.4,17.6,12.1,13.9,1.7,3.2,12.6,22.0,1.4,1.1,2.5,0.107,0.0,0.7,0.7,0.8,2018
341,Nikola Mirotic,PF,26,TOT,55,1494,18.7,0.5770000000000001,0.523,0.2,4.3,24.9,14.6,8.6,1.4,2.2,7.7,23.4,2.2,1.8,4.0,0.128,1.4,-0.7,0.6,1.0,2018
342,Donovan Mitchell,SG,21,UTA,79,2638,16.7,0.541,0.40399999999999997,0.218,2.3,10.4,6.4,19.4,2.2,0.9,12.6,29.1,1.4,3.8,5.2,0.095,1.3,-0.2,1.1,2.1,2018
343,Naz Mitrou-Long,SG,24,UTA,1,1,133.8,1.5,1.0,0.0,0.0,0.0,0.0,0.0,0.0,0.0,0.0,45.0,0.1,0.0,0.1,2.7119999999999997,68.6,-14.2,54.4,0.0,2018
344,Malik Monk,SG,19,CHO,63,854,10.3,0.47700000000000004,0.5720000000000001,0.08900000000000001,1.0,7.5,4.2,16.9,1.1,0.9,10.0,24.9,-0.5,0.5,0.0,0.0,-1.0,-3.4,-4.4,-0.5,2018
345,Greg Monroe,C,27,TOT,51,1040,21.2,0.598,0.0,0.308,11.4,25.2,18.3,18.7,2.1,1.8,17.7,22.4,1.8,1.6,3.4,0.155,0.1,2.3,2.4,1.2,2018
346,Luis Montero,SG,24,DET,2,8,-15.5,0.0,0.0,0.0,0.0,28.2,13.8,0.0,0.0,0.0,66.7,16.6,-0.1,0.0,-0.1,-0.445,-23.7,-2.1,-25.9,0.0,2018
347,Ben Moore,PF,22,IND,2,9,-2.3,,,,0.0,12.5,6.3,13.1,0.0,0.0,,0.0,0.0,0.0,0.0,0.07200000000000001,-5.3,0.3,-5.0,0.0,2018
348,E'Twaun Moore,SG,28,NOP,82,2586,12.1,0.593,0.36200000000000004,0.08199999999999999,2.5,7.3,5.0,10.1,1.5,0.4,10.6,16.1,2.8,1.6,4.4,0.081,0.6,-0.8,-0.2,1.2,2018
349,Eric Moreland,PF,26,DET,67,805,13.9,0.531,0.0,0.23800000000000002,10.9,27.6,19.1,13.3,1.9,5.6,23.8,9.7,0.7,1.6,2.3,0.135,-3.1,5.8,2.6,0.9,2018
350,Jaylen Morris,SG,22,ATL,6,98,6.5,0.43799999999999994,0.313,0.0,2.3,15.9,9.1,10.8,1.0,0.9,15.8,16.9,-0.2,0.1,-0.1,-0.053,-6.1,-1.0,-7.1,-0.1,2018
351,Marcus Morris,PF,28,BOS,54,1447,14.5,0.541,0.38299999999999995,0.252,3.3,18.4,10.9,8.1,1.2,0.7,8.7,23.0,1.1,2.2,3.2,0.10800000000000001,-1.0,-0.6,-1.7,0.1,2018
352,Markieff Morris,PF,28,WAS,73,1968,13.2,0.5660000000000001,0.301,0.18600000000000003,4.3,19.2,11.8,11.0,1.4,1.7,14.6,19.5,1.2,2.1,3.3,0.08,-1.0,0.5,-0.5,0.7,2018
353,Monte Morris,PG,22,DEN,3,25,27.1,0.727,0.16699999999999998,0.33299999999999996,0.0,9.0,4.5,41.2,5.9,0.0,12.7,13.7,0.1,0.0,0.2,0.312,3.6,-1.6,2.0,0.0,2018
354,Johnathan Motley,PF,22,DAL,11,176,17.2,0.55,0.08,0.373,8.5,22.9,15.5,7.1,0.9,1.0,9.3,24.9,0.1,0.2,0.3,0.084,-2.8,-2.1,-4.9,-0.1,2018
355,Timofey Mozgov,C,31,BRK,31,359,12.3,0.617,0.19399999999999998,0.32299999999999995,9.4,19.7,14.5,4.8,0.7,2.7,23.7,16.8,0.1,0.3,0.4,0.055,-3.8,-0.3,-4.1,-0.2,2018
356,Emmanuel Mudiay,PG,21,TOT,64,1245,11.5,0.474,0.281,0.245,2.3,11.3,6.8,24.5,1.6,0.8,16.2,24.4,-0.8,0.7,0.0,-0.002,-2.6,-2.1,-4.7,-0.9,2018
357,Shabazz Muhammad,SF-SG,25,TOT,43,418,15.4,0.51,0.14400000000000002,0.266,6.3,14.8,10.6,5.7,1.1,0.6,2.8,23.0,0.5,0.2,0.7,0.081,-1.8,-4.1,-5.9,-0.4,2018
358,Xavier Munford,SG,25,MIL,6,21,-2.1,0.218,0.33299999999999996,0.33299999999999996,5.6,0.0,2.8,24.6,2.4,0.0,22.5,19.1,-0.1,0.0,-0.1,-0.19699999999999998,-9.4,-4.4,-13.7,-0.1,2018
359,Dejounte Murray,PG,21,SAS,81,1743,15.1,0.485,0.055999999999999994,0.243,7.0,22.4,14.6,20.2,2.8,1.5,16.6,20.7,-0.2,3.4,3.2,0.087,-2.2,3.4,1.2,1.4,2018
360,Jamal Murray,PG,20,DEN,81,2565,16.1,0.5760000000000001,0.41100000000000003,0.23800000000000002,3.6,9.4,6.5,16.4,1.5,0.9,12.8,22.8,4.3,1.2,5.5,0.10300000000000001,1.8,-2.0,-0.2,1.2,2018
361,Mike Muscala,C,26,ATL,53,1060,14.4,0.597,0.535,0.19899999999999998,5.9,18.3,12.1,7.3,1.4,2.2,11.0,15.7,1.5,0.9,2.4,0.109,0.0,0.2,0.2,0.6,2018
362,Abdel Nader,SF,24,BOS,48,522,5.1,0.439,0.436,0.262,2.8,12.0,7.4,7.1,1.4,1.6,17.0,17.1,-0.9,0.8,-0.1,-0.013999999999999999,-5.9,0.3,-5.6,-0.5,2018
363,Larry Nance,C,25,TOT,66,1421,20.2,0.605,0.028999999999999998,0.332,12.4,22.0,17.3,8.6,3.0,2.2,9.7,15.9,3.5,2.3,5.8,0.196,0.9,2.4,3.3,1.9,2018
364,Shabazz Napier,PG,26,POR,74,1535,14.2,0.544,0.41100000000000003,0.26,1.9,10.1,6.0,14.6,2.6,0.7,13.2,19.5,1.2,2.0,3.2,0.10099999999999999,-0.2,0.3,0.2,0.8,2018
365,Jameer Nelson,PG,35,TOT,50,1013,8.1,0.489,0.508,0.08199999999999999,1.4,9.5,5.6,22.8,1.3,0.3,21.0,13.7,-0.1,0.7,0.6,0.027999999999999997,-2.6,-1.5,-4.0,-0.5,2018
366,Raul Neto,PG,25,UTA,41,498,11.9,0.55,0.311,0.23199999999999998,1.6,9.5,5.6,23.0,1.3,0.7,17.8,18.3,0.3,0.6,0.9,0.086,-2.1,-1.1,-3.2,-0.1,2018
367,Georges Niang,PF,24,UTA,9,32,9.2,0.379,0.364,0.182,10.8,21.1,16.0,14.0,3.1,0.0,20.2,20.9,-0.1,0.1,0.0,-0.028999999999999998,-5.5,1.4,-4.0,0.0,2018
368,Joakim Noah,C,32,NYK,7,40,15.6,0.51,0.0,0.4,16.7,22.1,19.4,14.0,2.5,4.3,25.4,17.2,0.0,0.1,0.1,0.07200000000000001,-2.4,3.4,1.0,0.0,2018
369,Nerlens Noel,C,23,DAL,30,472,16.2,0.5579999999999999,0.01,0.267,10.9,29.3,19.8,6.3,3.3,4.1,18.1,13.8,0.4,1.0,1.3,0.135,-3.5,4.5,1.0,0.4,2018
370,Lucas Nogueira,C,25,TOR,49,418,17.3,0.6609999999999999,0.23800000000000002,0.35,4.9,18.1,11.7,7.2,2.7,8.2,14.8,11.4,0.7,1.0,1.6,0.188,-0.7,6.2,5.4,0.8,2018
371,Dirk Nowitzki,C,39,DAL,77,1900,16.7,0.575,0.445,0.142,1.2,25.2,12.8,10.4,1.1,2.1,6.0,20.5,2.6,2.2,4.8,0.121,0.1,0.3,0.3,1.1,2018
372,Frank Ntilikina,PG,19,NYK,78,1706,7.0,0.43700000000000006,0.314,0.136,2.4,9.1,5.8,20.0,1.9,0.9,19.8,16.9,-2.0,1.1,-0.9,-0.026000000000000002,-3.5,-0.5,-3.9,-0.8,2018
373,Jusuf Nurkic,C,23,POR,79,2088,19.2,0.528,0.006999999999999999,0.287,10.0,26.9,18.5,11.7,1.5,4.3,14.6,26.4,0.8,3.9,4.7,0.10800000000000001,-2.6,2.8,0.3,1.2,2018
374,David Nwaba,SG,25,CHI,70,1646,12.2,0.542,0.12300000000000001,0.48,5.6,16.0,10.6,9.4,1.7,1.6,13.1,15.6,1.1,1.4,2.4,0.071,-2.5,0.9,-1.6,0.1,2018
375,Johnny O'Bryant,PF,24,CHO,36,379,11.9,0.47,0.251,0.146,8.1,18.6,13.3,5.9,1.2,1.3,7.6,22.5,-0.1,0.4,0.3,0.038,-3.2,-2.0,-5.3,-0.3,2018
376,Royce O'Neale,SF,24,UTA,69,1150,10.8,0.54,0.415,0.268,2.5,20.6,11.7,12.0,1.6,1.2,14.8,14.6,0.5,1.8,2.4,0.099,-2.4,1.7,-0.6,0.4,2018
377,Kyle O'Quinn,C,27,NYK,77,1387,20.0,0.625,0.044000000000000004,0.331,9.7,27.8,18.8,16.8,1.3,6.1,18.5,17.0,2.7,2.1,4.8,0.166,0.2,4.3,4.5,2.3,2018
378,Semi Ojeleye,PF,23,BOS,73,1150,4.6,0.473,0.665,0.218,3.6,11.6,7.7,2.4,0.9,0.3,10.8,9.0,-0.2,1.3,1.2,0.048,-3.6,0.1,-3.5,-0.4,2018
379,Emeka Okafor,C,35,NOP,26,353,16.4,0.545,0.0,0.23199999999999998,14.9,21.7,18.4,3.1,1.1,5.6,11.0,14.4,0.5,0.5,1.0,0.14,-2.6,1.3,-1.3,0.1,2018
380,Jahlil Okafor,C,22,TOT,28,353,15.3,0.584,0.028999999999999998,0.21,6.3,19.4,12.8,5.9,0.4,3.9,12.2,21.0,0.3,0.3,0.6,0.083,-3.7,-0.8,-4.5,-0.2,2018
381,Victor Oladipo,SG,25,IND,75,2552,23.1,0.5770000000000001,0.32299999999999995,0.27399999999999997,2.1,15.1,8.6,21.2,3.5,2.0,12.7,30.1,4.3,4.0,8.2,0.155,3.6,1.3,4.9,4.5,2018
382,Kelly Olynyk,PF,26,MIA,76,1779,17.8,0.612,0.44,0.27399999999999997,5.6,21.6,13.6,18.7,1.7,1.7,17.1,21.7,2.8,2.7,5.5,0.14800000000000002,1.6,1.3,2.9,2.2,2018
383,Chinanu Onuaku,C,21,HOU,1,22,-3.2,0.4,0.0,0.0,5.2,15.2,10.2,6.4,0.0,0.0,37.5,16.1,-0.1,0.0,-0.1,-0.147,-11.1,-1.2,-12.3,-0.1,2018
384,Cedi Osman,SF,22,CLE,61,672,11.0,0.5770000000000001,0.46799999999999997,0.247,3.2,16.6,10.0,8.7,1.6,0.4,13.4,15.7,0.5,0.4,0.9,0.064,-1.4,-1.5,-2.9,-0.2,2018
385,Kelly Oubre,SF,22,WAS,81,2231,11.9,0.534,0.467,0.295,3.0,15.4,9.2,6.4,1.8,1.4,9.2,19.4,1.4,2.3,3.7,0.08,-0.8,-0.4,-1.2,0.4,2018
386,Zaza Pachulia,C,33,GSW,69,972,17.0,0.612,0.004,0.35200000000000004,11.0,25.0,18.5,15.2,1.9,1.4,19.1,17.0,1.8,1.4,3.3,0.161,-0.5,1.3,0.8,0.7,2018
387,Marcus Paige,PG,24,CHO,5,28,9.1,0.40299999999999997,0.5710000000000001,0.14300000000000002,0.0,15.7,7.7,16.1,0.0,0.0,0.0,23.0,0.0,0.0,0.0,-0.006,-2.4,-4.4,-6.9,0.0,2018
388,Georgios Papagiannis,C,20,TOT,17,122,12.2,0.429,0.0,0.0,11.6,23.4,17.2,11.2,1.6,4.7,16.0,18.4,-0.1,0.1,0.0,0.005,-5.5,1.8,-3.7,-0.1,2018
389,Jabari Parker,PF,22,MIL,31,743,17.1,0.55,0.244,0.163,6.6,17.1,11.9,13.1,1.7,1.2,11.2,24.4,0.6,0.6,1.2,0.08,-0.2,-1.6,-1.8,0.0,2018
390,Tony Parker,PG,35,SAS,55,1071,12.7,0.498,0.095,0.201,0.7,9.2,4.9,28.2,1.3,0.1,13.9,20.5,0.4,1.1,1.4,0.065,-2.4,-1.7,-4.1,-0.6,2018
391,Chandler Parsons,SF,29,MEM,36,691,13.6,0.578,0.517,0.115,2.3,13.0,7.5,16.4,1.3,1.5,12.5,18.3,0.7,0.4,1.1,0.077,0.4,-1.6,-1.2,0.1,2018
392,Patrick Patterson,PF,28,OKC,82,1270,10.0,0.555,0.643,0.17300000000000001,2.7,14.6,8.4,6.1,1.9,1.6,10.3,10.8,1.2,1.4,2.6,0.098,-1.6,0.3,-1.3,0.2,2018
393,Justin Patton,C,20,MIN,1,4,19.8,0.5,0.0,0.0,0.0,0.0,0.0,0.0,12.5,0.0,0.0,22.1,0.0,0.0,0.0,0.151,-0.7,4.0,3.3,0.0,2018
394,Brandon Paul,SG,26,SAS,64,576,7.4,0.504,0.425,0.33899999999999997,1.1,12.0,6.5,9.0,2.2,1.0,16.6,13.6,-0.3,0.8,0.5,0.045,-3.6,0.9,-2.8,-0.1,2018
395,Chris Paul,PG,32,HOU,58,1847,24.4,0.604,0.475,0.27699999999999997,2.3,16.7,9.5,40.9,2.6,0.6,12.5,24.5,7.5,2.7,10.2,0.265,6.2,0.9,7.1,4.3,2018
396,Adreian Payne,PF,26,ORL,5,43,18.8,0.831,0.3,0.6,5.1,18.0,11.5,0.0,2.3,0.0,13.7,15.0,0.1,0.0,0.2,0.203,0.1,-4.1,-4.1,0.0,2018
397,Cameron Payne,PG,23,CHI,25,582,14.0,0.498,0.423,0.07400000000000001,3.2,9.8,6.4,29.9,2.2,1.4,14.0,19.3,0.3,0.4,0.8,0.063,-0.2,-0.8,-0.9,0.2,2018
398,Elfrid Payton,PG,23,TOT,63,1808,16.5,0.5379999999999999,0.138,0.252,3.8,12.8,8.2,34.9,2.2,1.0,18.5,21.9,1.4,1.4,2.8,0.075,0.1,0.0,0.1,1.0,2018
399,Gary Payton,PG,25,TOT,23,221,9.8,0.44299999999999995,0.33799999999999997,0.122,6.5,15.5,11.0,13.7,1.5,1.1,8.2,16.8,0.0,0.2,0.2,0.040999999999999995,-2.7,-0.9,-3.6,-0.1,2018
400,Kendrick Perkins,C,33,CLE,1,15,8.4,0.521,0.0,1.0,0.0,7.4,3.7,17.3,3.3,0.0,25.8,11.4,0.0,0.0,0.0,0.026000000000000002,-4.9,-0.8,-5.7,0.0,2018
401,London Perrantes,PG,23,CLE,14,66,0.7,0.23,0.231,0.385,1.7,5.0,3.4,9.4,1.5,1.3,6.2,10.9,-0.1,0.0,-0.1,-0.086,-7.5,-1.3,-8.7,-0.1,2018
402,Alec Peters,PF,22,PHO,20,225,10.7,0.523,0.784,0.135,3.7,14.0,8.8,7.9,0.4,0.7,4.9,15.5,0.2,0.0,0.3,0.055,-0.2,-3.1,-3.3,-0.1,2018
403,Marshall Plumlee,C,25,MIL,8,52,10.9,0.6970000000000001,0.0,5.332999999999999,9.0,29.2,19.2,4.8,0.0,1.6,23.0,11.3,0.1,0.0,0.2,0.14300000000000002,-3.7,-1.9,-5.7,0.0,2018
404,Mason Plumlee,C,27,DEN,74,1439,16.9,0.586,0.003,0.486,10.4,20.9,15.6,14.4,1.7,4.7,18.7,16.6,1.8,1.8,3.6,0.12,-0.9,2.7,1.8,1.4,2018
405,Miles Plumlee,C,29,ATL,55,918,10.6,0.574,0.0,0.33299999999999996,9.4,18.3,13.9,7.2,0.9,2.8,23.4,12.8,0.1,0.7,0.9,0.046,-3.8,1.3,-2.5,-0.1,2018
406,Jakob Poeltl,C,22,TOR,82,1524,17.5,0.662,0.005,0.263,12.4,16.4,14.4,5.4,1.3,5.2,16.6,14.8,3.1,2.4,5.6,0.175,0.4,2.9,3.3,2.0,2018
407,Quincy Pondexter,SF,29,CHI,23,196,4.0,0.39799999999999996,0.449,0.34700000000000003,4.2,10.8,7.4,6.3,2.0,0.9,16.3,15.0,-0.3,0.1,-0.2,-0.047,-6.1,-0.6,-6.7,-0.2,2018
408,Otto Porter,SF,24,WAS,77,2432,18.3,0.602,0.354,0.145,4.8,18.1,11.4,10.1,2.4,1.5,7.4,18.4,5.0,3.1,8.1,0.161,2.4,1.2,3.6,3.4,2018
409,Bobby Portis,PF,22,CHI,73,1643,19.7,0.5479999999999999,0.275,0.192,10.0,23.0,16.2,13.2,1.5,1.3,10.5,26.0,2.0,1.5,3.5,0.10099999999999999,1.0,-0.6,0.3,1.0,2018
410,Kristaps Porzingis,PF,22,NYK,48,1553,20.4,0.539,0.256,0.309,4.4,18.1,11.3,6.2,1.1,6.4,8.4,31.0,1.4,1.8,3.2,0.099,-0.5,-0.2,-0.7,0.5,2018
411,Dwight Powell,C,26,DAL,79,1672,18.8,0.6559999999999999,0.195,0.43,8.7,21.3,14.7,8.5,2.0,1.7,10.3,15.5,4.6,2.1,6.6,0.191,1.1,1.6,2.7,2.0,2018
412,Norman Powell,SG,24,TOR,70,1062,8.5,0.49200000000000005,0.49700000000000005,0.10400000000000001,1.5,10.9,6.3,11.8,1.7,1.2,14.4,18.9,-0.6,1.2,0.6,0.027000000000000003,-2.5,-0.4,-2.8,-0.2,2018
413,Alex Poythress,PF,24,IND,25,104,7.8,0.5,0.423,0.0,7.7,10.8,9.2,2.6,1.4,0.9,7.1,12.0,0.1,0.1,0.1,0.066,-2.3,-1.7,-4.0,-0.1,2018
414,Jacob Pullen,PG,28,PHI,3,6,-2.3,0.5,0.5,0.0,0.0,0.0,0.0,0.0,0.0,0.0,33.3,21.3,0.0,0.0,0.0,-0.21,-10.5,-4.7,-15.2,0.0,2018
415,Rodney Purvis,SG,23,ORL,16,290,4.5,0.423,0.486,0.14,0.4,9.9,5.1,8.5,0.5,0.8,8.1,18.7,-0.4,0.1,-0.3,-0.055999999999999994,-5.0,-2.9,-7.9,-0.4,2018
416,Zhou Qi,C,22,HOU,18,124,1.9,0.295,0.594,0.375,5.5,14.4,10.0,2.1,0.8,9.6,21.2,16.8,-0.5,0.2,-0.3,-0.10400000000000001,-10.3,3.1,-7.2,-0.2,2018
417,Tim Quarterman,SG,23,HOU,3,13,2.9,0.515,0.667,0.667,0.0,25.8,13.0,10.6,0.0,0.0,34.0,20.0,0.0,0.0,0.0,-0.083,-8.9,-1.9,-10.8,0.0,2018
418,Ivan Rabb,PF,20,MEM,36,516,16.6,0.599,0.0,0.237,11.6,24.1,17.7,10.4,1.2,2.4,17.3,17.7,0.7,0.5,1.2,0.109,-1.7,0.3,-1.5,0.1,2018
419,Julius Randle,C,23,LAL,82,2190,19.9,0.606,0.05,0.47,8.9,22.8,15.9,15.8,0.9,1.7,16.3,25.3,4.0,2.6,6.6,0.145,0.4,0.6,0.9,1.6,2018
420,Zach Randolph,PF,36,SAC,59,1508,17.3,0.529,0.193,0.14,7.0,23.7,15.0,14.9,1.4,0.6,12.5,27.6,0.3,1.2,1.5,0.048,-0.6,-1.2,-1.8,0.1,2018
421,Xavier Rathan-Mayes,SG,23,MEM,5,118,0.9,0.315,0.33299999999999996,0.214,0.0,5.0,2.5,23.0,2.6,2.4,19.3,21.7,-0.5,0.1,-0.4,-0.171,-8.7,-2.0,-10.7,-0.3,2018
422,J.J. Redick,SG,33,PHI,70,2116,15.9,0.614,0.523,0.248,0.5,8.3,4.5,15.1,0.8,0.2,9.6,21.7,4.8,1.8,6.6,0.15,2.6,-2.6,0.0,1.1,2018
423,Davon Reed,SG,22,PHO,21,242,4.8,0.38799999999999996,0.5,0.158,0.9,16.6,8.6,7.6,2.0,0.7,11.0,16.0,-0.5,0.2,-0.3,-0.06,-5.8,-1.0,-6.7,-0.3,2018
424,Willie Reed,C,27,TOT,42,428,19.2,0.6709999999999999,0.017,0.455,9.1,21.8,15.5,3.6,1.0,4.3,11.6,16.6,1.0,0.5,1.5,0.172,-0.8,-0.1,-0.9,0.1,2018
425,Josh Richardson,SF,24,MIA,81,2689,13.6,0.551,0.38,0.16,2.9,9.0,6.0,13.2,2.3,2.4,12.9,18.2,1.8,3.5,5.4,0.096,-0.1,1.5,1.4,2.3,2018
426,Malachi Richardson,SG,22,TOT,26,324,5.9,0.446,0.444,0.244,1.7,10.6,6.0,5.6,1.6,0.3,9.1,15.2,-0.2,0.1,-0.1,-0.015,-4.3,-2.1,-6.4,-0.4,2018
427,Austin Rivers,SG,25,LAC,61,2057,12.6,0.526,0.447,0.198,1.5,6.2,3.9,17.5,1.7,0.6,11.1,20.6,1.4,1.0,2.4,0.055999999999999994,0.8,-1.7,-0.9,0.6,2018
428,Andre Roberson,SG,26,OKC,39,1037,10.9,0.5429999999999999,0.222,0.235,7.8,12.2,9.9,6.0,2.2,3.1,14.4,8.6,0.8,1.3,2.2,0.1,-1.3,2.8,1.5,0.9,2018
429,Devin Robinson,SF,22,WAS,1,13,10.5,0.33299999999999996,0.0,0.0,17.4,26.0,21.7,0.0,3.8,0.0,0.0,10.2,0.0,0.0,0.0,0.098,-5.7,-2.6,-8.2,0.0,2018
430,Glenn Robinson,SF,24,IND,23,338,10.8,0.529,0.4,0.129,3.7,8.6,6.2,6.8,1.9,0.3,5.3,12.5,0.4,0.3,0.6,0.08800000000000001,-0.9,-0.9,-1.8,0.0,2018
431,Rajon Rondo,PG,31,NOP,65,1705,15.3,0.522,0.304,0.09300000000000001,2.0,14.2,8.4,42.2,2.0,0.5,22.7,16.9,1.9,1.7,3.6,0.10099999999999999,-0.4,-0.7,-1.1,0.4,2018
432,Derrick Rose,PG,29,TOT,25,420,11.5,0.507,0.161,0.247,3.5,5.8,4.7,13.6,0.8,0.8,14.5,25.4,-0.2,0.1,-0.2,-0.018000000000000002,-3.8,-3.9,-7.8,-0.6,2018
433,Terrence Ross,SG,26,ORL,24,600,9.9,0.505,0.48700000000000004,0.188,1.8,11.6,6.7,9.3,2.2,1.5,12.3,17.3,-0.2,0.5,0.3,0.025,-2.2,0.1,-2.1,0.0,2018
434,Terry Rozier,PG,23,BOS,80,2068,15.1,0.52,0.503,0.18600000000000003,3.4,16.3,9.9,17.5,1.9,0.8,8.5,20.4,2.2,3.4,5.6,0.13,0.8,1.0,1.8,2.0,2018
435,Ricky Rubio,PG,27,UTA,77,2254,15.4,0.537,0.33,0.307,2.2,15.3,8.8,28.4,2.7,0.4,18.1,22.9,1.5,3.8,5.3,0.11199999999999999,0.1,1.6,1.7,2.1,2018
436,D'Angelo Russell,PG,21,BRK,48,1234,15.2,0.509,0.414,0.195,2.6,13.8,8.1,35.7,1.4,1.0,16.8,30.8,-0.5,0.9,0.4,0.013999999999999999,0.8,-1.2,-0.4,0.5,2018
437,Domantas Sabonis,C,21,IND,74,1810,17.5,0.5670000000000001,0.055999999999999994,0.33899999999999997,10.4,25.2,17.8,12.7,1.1,1.6,15.3,22.1,2.5,2.2,4.7,0.126,-0.8,0.5,-0.2,0.8,2018
438,JaKarr Sampson,SF,24,SAC,22,344,13.9,0.585,0.12300000000000001,0.198,6.7,19.7,12.9,3.9,1.2,6.1,8.3,12.5,0.4,0.4,0.8,0.114,-2.6,1.9,-0.7,0.1,2018
439,Dario Saric,PF,23,PHI,78,2310,15.8,0.5820000000000001,0.44799999999999995,0.233,7.5,16.4,12.1,13.0,1.1,0.7,13.1,20.9,3.8,2.8,6.6,0.13699999999999998,1.6,-0.2,1.4,2.0,2018
440,Tomas Satoransky,SG,26,WAS,73,1643,15.4,0.615,0.263,0.25,5.0,11.1,8.0,24.8,1.6,0.8,16.3,13.7,3.7,1.3,5.0,0.145,1.3,-0.2,1.1,1.3,2018
441,Dennis Schroder,PG,24,ATL,67,2078,17.3,0.515,0.22899999999999998,0.231,2.4,8.8,5.6,36.2,1.7,0.2,12.7,30.4,1.5,1.0,2.6,0.059000000000000004,1.5,-2.2,-0.7,0.7,2018
442,Mike Scott,PF,29,WAS,76,1406,13.6,0.599,0.311,0.145,4.0,15.8,9.9,9.1,0.8,0.6,12.4,20.0,1.4,1.0,2.5,0.085,-0.5,-1.8,-2.3,-0.1,2018
443,Thabo Sefolosha,SF,33,UTA,38,806,15.8,0.591,0.35,0.225,4.1,18.4,11.3,6.3,3.2,1.3,10.2,16.4,1.0,1.6,2.6,0.156,-0.3,2.3,1.9,0.8,2018
444,Wayne Selden,SG,23,MEM,35,692,11.8,0.551,0.45399999999999996,0.21899999999999997,2.6,6.8,4.7,16.0,1.3,0.7,15.5,22.6,0.1,0.2,0.3,0.023,-0.7,-3.3,-4.0,-0.4,2018
445,Ramon Sessions,PG,31,TOT,28,392,11.2,0.479,0.222,0.48700000000000004,1.7,9.1,5.4,27.2,1.8,0.4,17.4,19.3,0.1,0.3,0.3,0.039,-3.0,-2.2,-5.2,-0.3,2018
446,Iman Shumpert,SG,27,CLE,14,276,6.4,0.48,0.44799999999999995,0.259,2.9,13.6,8.3,8.1,1.6,1.2,19.9,12.9,-0.2,0.2,0.0,-0.006,-3.9,-0.1,-4.0,-0.1,2018
447,Pascal Siakam,PF,23,TOR,81,1679,14.5,0.5489999999999999,0.265,0.175,5.4,18.6,12.1,13.5,1.8,2.0,11.1,15.7,2.1,2.5,4.7,0.133,0.0,2.2,2.1,1.7,2018
448,Xavier Silas,SG,30,BOS,2,7,-4.9,0.0,0.667,0.0,15.8,15.4,15.6,0.0,7.1,0.0,0.0,19.1,-0.1,0.0,0.0,-0.25,-12.6,-0.8,-13.4,0.0,2018
449,Ben Simmons,PG,21,PHI,81,2732,20.0,0.557,0.011000000000000001,0.342,5.9,19.5,13.0,37.4,2.5,2.1,19.5,22.3,4.2,5.0,9.2,0.162,1.0,3.6,4.6,4.6,2018
450,Jonathon Simmons,SG,28,ORL,69,2029,12.7,0.555,0.268,0.317,3.3,9.7,6.5,13.3,1.4,0.6,14.4,22.0,0.8,1.1,1.9,0.045,-1.0,-1.3,-2.3,-0.2,2018
451,Kobi Simmons,PG,20,MEM,32,643,7.7,0.49,0.20600000000000002,0.132,2.5,6.6,4.5,16.5,1.4,0.7,18.0,17.0,-0.4,0.2,-0.2,-0.013000000000000001,-3.9,-2.1,-6.0,-0.6,2018
452,Kyle Singler,SF,29,OKC,12,59,5.9,0.43,0.23800000000000002,0.619,1.8,17.5,9.4,4.8,0.8,0.0,10.1,21.6,-0.1,0.0,0.0,-0.031,-7.7,-4.2,-11.8,-0.1,2018
453,Marcus Smart,SG,23,BOS,54,1614,10.8,0.479,0.483,0.258,3.0,9.8,6.4,23.7,2.2,1.2,18.4,19.4,-0.6,2.5,1.9,0.055999999999999994,-1.6,1.1,-0.5,0.6,2018
454,Dennis Smith,PG,20,DAL,69,2049,12.8,0.473,0.331,0.188,2.6,11.8,7.0,29.5,1.7,0.8,14.9,28.9,-2.4,1.7,-0.7,-0.017,-1.5,-0.7,-2.3,-0.1,2018
455,Ish Smith,PG,29,DET,82,2043,15.4,0.525,0.126,0.145,1.4,10.9,6.1,28.4,1.6,0.9,11.2,20.8,2.4,2.0,4.4,0.102,-0.6,-0.6,-1.2,0.4,2018
456,J.R. Smith,SG,32,CLE,80,2244,8.4,0.534,0.64,0.094,1.5,10.1,5.9,8.6,1.5,0.4,11.6,13.8,0.6,0.9,1.4,0.031,-0.6,-1.0,-1.7,0.2,2018
457,Jason Smith,C,31,WAS,33,285,8.8,0.455,0.278,0.183,7.2,13.9,10.5,7.4,0.5,4.0,11.4,21.7,-0.2,0.3,0.0,0.003,-4.8,-1.1,-6.0,-0.3,2018
458,Josh Smith,PF,32,NOP,3,12,3.5,0.25,0.0,0.0,28.1,8.7,18.1,0.0,0.0,0.0,0.0,14.4,0.0,0.0,0.0,-0.013000000000000001,-6.0,-7.4,-13.4,0.0,2018
459,Tony Snell,SG,26,MIL,75,2053,8.5,0.578,0.631,0.113,0.5,7.5,4.0,6.5,1.1,1.2,7.5,10.6,1.6,0.7,2.4,0.055999999999999994,-0.5,-1.3,-1.8,0.1,2018
460,Marreese Speights,C,30,ORL,52,675,13.7,0.539,0.6679999999999999,0.158,3.4,18.4,10.8,9.8,0.6,2.6,9.7,26.9,0.1,0.5,0.6,0.045,0.2,-2.9,-2.8,-0.1,2018
461,Nik Stauskas,SG,24,TOT,41,523,9.0,0.5429999999999999,0.649,0.188,0.8,12.3,6.5,11.1,0.8,0.6,13.5,15.9,0.1,0.3,0.3,0.031,-2.1,-1.8,-4.0,-0.3,2018
462,Lance Stephenson,SG,27,IND,82,1850,12.4,0.495,0.327,0.179,3.8,22.0,12.9,18.6,1.2,0.8,14.6,21.6,-0.2,2.0,1.8,0.046,-2.0,-0.1,-2.1,0.0,2018
463,David Stockton,PG,26,UTA,3,9,33.9,1.05,1.0,1.3330000000000002,0.0,0.0,0.0,0.0,0.0,0.0,17.4,28.8,0.1,0.0,0.1,0.45899999999999996,14.8,-8.1,6.7,0.0,2018
464,Julyan Stone,SG,29,CHO,23,175,7.6,0.684,1.0,0.154,0.6,17.6,9.0,19.2,1.1,1.0,33.5,5.2,0.2,0.2,0.3,0.087,-2.1,0.3,-1.8,0.0,2018
465,Edmond Sumner,PG,22,IND,1,2,39.8,1.0,0.0,0.0,0.0,56.1,28.2,0.0,0.0,0.0,0.0,22.3,0.0,0.0,0.0,0.425,4.6,-9.9,-5.3,0.0,2018
466,Caleb Swanigan,PF,20,POR,27,189,7.5,0.449,0.133,0.3,8.7,22.3,15.6,10.8,1.3,1.3,20.9,20.0,-0.3,0.3,0.0,-0.003,-6.0,0.6,-5.4,-0.2,2018
467,Jayson Tatum,SF,19,BOS,80,2438,15.3,0.586,0.29,0.309,2.3,15.6,9.0,8.3,1.7,2.0,10.7,19.5,3.0,4.0,7.1,0.139,-0.5,1.5,1.0,1.8,2018
468,Isaiah Taylor,PG,23,ATL,67,1167,10.9,0.49200000000000005,0.205,0.36200000000000004,2.1,6.9,4.5,27.0,1.4,0.7,15.7,20.1,0.2,0.5,0.6,0.027000000000000003,-2.9,-2.5,-5.4,-1.0,2018
469,Jeff Teague,PG,29,MIN,70,2311,16.4,0.5529999999999999,0.287,0.301,1.2,9.3,5.2,30.6,2.2,0.9,16.4,20.6,3.4,1.4,4.9,0.10099999999999999,1.5,-1.3,0.2,1.3,2018
470,Marquis Teague,PG,24,MEM,3,74,5.7,0.302,0.25,0.313,1.5,8.0,4.7,24.7,2.7,0.0,14.2,12.9,-0.1,0.0,-0.1,-0.038,-5.8,-1.6,-7.3,-0.1,2018
471,Mirza Teletovic,PF,32,MIL,10,159,13.5,0.623,0.789,0.0,2.2,14.7,8.5,9.5,1.3,0.5,10.9,18.2,0.2,0.1,0.3,0.09,1.6,-3.3,-1.6,0.0,2018
472,Garrett Temple,SG,31,SAC,65,1615,10.2,0.536,0.47700000000000004,0.16399999999999998,1.5,9.6,5.4,11.3,1.8,1.6,13.4,16.4,0.3,0.9,1.2,0.035,-1.3,-0.6,-1.9,0.1,2018
473,Milos Teodosic,PG,30,LAC,45,1134,11.6,0.564,0.644,0.128,1.6,10.5,6.1,26.2,1.0,0.4,20.3,18.2,0.9,0.5,1.4,0.057999999999999996,0.8,-2.2,-1.4,0.2,2018
474,Jason Terry,SG,40,MIL,51,814,8.1,0.525,0.747,0.057999999999999996,0.7,6.2,3.5,9.7,2.6,1.4,13.7,10.1,0.1,0.6,0.7,0.042,-1.6,-0.5,-2.1,0.0,2018
475,Daniel Theis,C,25,BOS,63,936,16.1,0.616,0.249,0.348,10.7,21.2,16.0,9.1,1.6,4.3,17.2,15.5,1.6,1.9,3.5,0.17800000000000002,-0.8,3.4,2.6,1.1,2018
476,Isaiah Thomas,PG,28,TOT,32,862,12.6,0.508,0.447,0.311,2.2,6.3,4.2,27.1,0.8,0.3,16.6,28.8,-0.1,0.3,0.2,0.009000000000000001,-0.9,-4.3,-5.2,-0.7,2018
477,Lance Thomas,PF,29,NYK,73,1353,6.3,0.513,0.46399999999999997,0.19899999999999998,3.6,10.7,7.2,4.2,1.1,0.9,12.1,10.7,0.3,0.6,0.9,0.031,-2.1,-0.5,-2.6,-0.2,2018
478,Klay Thompson,SG,27,GSW,73,2506,16.0,0.598,0.442,0.083,1.5,10.3,6.2,11.2,1.1,1.1,9.5,23.7,3.1,1.8,4.9,0.094,1.8,-2.4,-0.6,0.9,2018
479,Tristan Thompson,C,26,CLE,53,1072,13.6,0.569,0.0,0.336,13.4,23.3,18.4,4.3,0.7,1.3,11.8,12.6,1.8,0.7,2.5,0.113,-1.6,-0.9,-2.5,-0.1,2018
480,Sindarius Thornwell,SG,23,LAC,73,1156,8.2,0.519,0.262,0.37799999999999995,3.2,10.0,6.7,7.8,2.0,1.8,16.3,12.1,0.1,0.9,1.0,0.040999999999999995,-2.6,1.0,-1.6,0.1,2018
481,Anthony Tolliver,PF,32,DET,79,1757,13.9,0.6629999999999999,0.773,0.282,3.1,12.3,7.6,7.5,0.9,1.1,9.9,14.8,3.8,1.5,5.3,0.146,2.3,-0.8,1.5,1.5,2018
482,Karl-Anthony Towns,C,22,MIN,82,2918,24.9,0.6459999999999999,0.243,0.34299999999999997,9.3,30.9,20.0,10.8,1.1,3.5,10.5,22.9,10.6,3.4,14.0,0.23,4.4,1.1,5.5,5.5,2018
483,P.J. Tucker,PF,32,HOU,82,2281,8.3,0.537,0.703,0.136,4.6,17.8,11.3,4.6,1.7,1.0,13.7,10.5,1.0,3.0,3.9,0.08199999999999999,-1.5,1.5,0.0,1.2,2018
484,Evan Turner,SF,29,POR,79,2034,9.9,0.52,0.22899999999999998,0.185,1.6,11.4,6.5,12.4,1.1,1.2,13.7,15.6,0.5,2.1,2.6,0.061,-2.4,0.6,-1.8,0.1,2018
485,Myles Turner,C,21,IND,65,1836,16.6,0.5670000000000001,0.24600000000000002,0.322,5.8,19.8,12.8,7.0,1.0,5.7,11.6,20.0,2.2,2.5,4.7,0.122,-1.1,1.8,0.7,1.3,2018
486,Ekpe Udoh,C,30,UTA,63,810,15.2,0.56,0.008,0.467,9.6,11.4,10.5,9.1,2.7,7.7,12.1,9.1,1.3,1.8,3.2,0.187,-1.1,6.8,5.7,1.6,2018
487,Tyler Ulis,PG,22,PHO,71,1658,10.1,0.465,0.265,0.183,1.5,6.8,4.1,28.0,2.0,0.3,17.6,18.5,-0.7,0.5,-0.2,-0.006,-2.8,-2.4,-5.2,-1.3,2018
488,Jonas Valanciunas,C,25,TOR,77,1727,22.5,0.628,0.10800000000000001,0.307,12.1,30.3,21.4,7.5,0.8,3.2,12.9,22.7,4.6,3.0,7.6,0.21,0.7,0.8,1.5,1.5,2018
489,Denzel Valentine,SG,24,CHI,77,2095,12.1,0.527,0.513,0.071,2.4,18.3,10.1,17.8,1.5,0.5,11.8,17.5,1.0,1.5,2.5,0.057,-0.4,-0.1,-0.5,0.8,2018
490,Fred VanVleet,PG,23,TOR,76,1520,15.9,0.556,0.479,0.185,1.9,11.5,6.8,22.8,2.2,1.0,11.2,19.1,2.7,2.0,4.7,0.149,1.9,0.1,1.9,1.5,2018
491,Rashad Vaughn,SG,21,TOT,28,212,9.3,0.546,0.6609999999999999,0.107,1.6,9.8,5.7,8.7,1.2,1.2,9.3,13.7,0.1,0.1,0.2,0.05,-1.9,-2.8,-4.7,-0.1,2018
492,Noah Vonleh,PF,22,TOT,54,875,12.8,0.509,0.282,0.248,8.5,30.2,19.2,5.7,1.1,1.6,10.7,14.5,0.5,1.2,1.6,0.09,-3.4,0.3,-3.1,-0.2,2018
493,Nikola Vucevic,C,27,ORL,57,1683,19.7,0.5329999999999999,0.243,0.11199999999999999,6.6,27.8,17.1,19.9,1.6,3.0,11.0,25.9,1.3,2.3,3.6,0.102,0.6,2.1,2.7,2.0,2018
494,Dwyane Wade,SG,36,TOT,67,1536,15.0,0.5,0.163,0.27699999999999997,3.7,14.6,9.2,23.5,2.0,2.6,15.5,26.2,-0.4,1.6,1.1,0.036000000000000004,-2.4,0.3,-2.1,0.0,2018
495,Dion Waiters,SG,26,MIA,30,918,10.5,0.48700000000000004,0.415,0.168,1.0,8.5,4.7,19.8,1.3,0.8,13.7,25.0,-0.7,0.8,0.1,0.004,-2.0,-2.0,-4.0,-0.5,2018
496,Kemba Walker,PG,27,CHO,80,2736,20.6,0.5720000000000001,0.441,0.308,1.2,8.7,4.9,27.4,1.6,0.7,10.4,27.4,6.5,2.0,8.6,0.15,5.1,-1.9,3.2,3.6,2018
497,John Wall,PG,27,WAS,41,1410,19.1,0.515,0.25,0.361,1.8,10.2,6.0,44.5,2.0,2.8,17.0,29.1,1.2,1.5,2.7,0.092,1.6,0.0,1.5,1.2,2018
498,Tyrone Wallace,PG,23,LAC,30,851,10.1,0.517,0.162,0.316,2.7,10.7,6.8,11.8,1.5,1.3,14.1,16.6,0.2,0.5,0.7,0.042,-2.1,0.2,-2.0,0.0,2018
499,Taurean Waller-Prince,SF,23,ATL,82,2464,12.8,0.5489999999999999,0.469,0.185,2.3,15.3,8.8,13.9,1.7,1.5,15.3,22.1,0.0,2.0,2.0,0.038,-0.7,0.0,-0.7,0.8,2018
500,Derrick Walton,PG,22,MIA,16,147,11.2,0.525,0.68,0.24,1.5,10.7,6.1,14.6,2.4,1.7,6.7,9.1,0.2,0.2,0.4,0.128,-1.5,1.0,-0.5,0.1,2018
501,Jameel Warney,PF,24,DAL,3,27,22.5,0.599,0.0,0.41700000000000004,15.9,21.3,18.5,0.0,0.0,0.0,6.6,25.6,0.1,0.0,0.1,0.157,-3.1,-9.1,-12.2,-0.1,2018
502,T.J. Warren,SF,24,PHO,65,2142,17.6,0.541,0.085,0.24,6.1,10.5,8.3,7.2,1.5,1.5,6.7,24.9,2.6,0.8,3.4,0.077,-0.1,-1.7,-1.9,0.1,2018
503,Travis Wear,SF,27,LAL,17,228,6.9,0.49700000000000005,0.653,0.111,0.0,17.6,8.9,4.2,0.8,1.8,7.4,15.2,0.0,0.2,0.2,0.042,-3.7,-1.3,-5.1,-0.2,2018
504,James Webb,SF,24,BRK,10,120,2.2,0.33299999999999996,0.792,0.0,7.0,14.3,10.6,4.5,0.4,0.0,14.3,10.1,-0.1,0.0,-0.1,-0.040999999999999995,-5.1,-1.5,-6.6,-0.1,2018
505,Briante Weber,PG,25,TOT,18,237,10.1,0.527,0.256,0.233,3.8,13.1,8.4,13.1,3.8,1.9,24.0,11.7,0.0,0.4,0.4,0.07200000000000001,-3.2,2.9,-0.4,0.1,2018
506,David West,C,37,GSW,73,999,20.9,0.6,0.021,0.209,7.7,18.2,13.3,20.5,2.3,5.9,16.2,21.7,1.8,1.7,3.5,0.168,-0.2,3.2,3.0,1.3,2018
507,Russell Westbrook,PG,29,OKC,80,2914,24.7,0.524,0.193,0.336,5.6,25.7,15.3,49.8,2.5,0.6,16.4,34.1,5.5,4.5,10.1,0.166,5.1,3.1,8.2,7.5,2018
508,Andrew White,SF,24,ATL,15,209,5.8,0.461,0.6709999999999999,0.055,2.1,16.0,9.1,4.3,0.7,0.4,9.7,17.3,-0.2,0.1,-0.1,-0.034,-4.2,-2.9,-7.1,-0.3,2018
509,Derrick White,PG,23,SAS,17,139,15.9,0.6459999999999999,0.39399999999999996,0.606,4.0,16.9,10.4,9.3,1.5,1.8,12.6,15.4,0.3,0.2,0.5,0.17,0.0,0.5,0.5,0.1,2018
510,Okaro White,PF,25,MIA,6,80,8.9,0.5770000000000001,0.688,0.188,4.2,11.2,7.7,3.5,0.6,1.1,5.5,10.3,0.1,0.1,0.2,0.096,-1.5,-1.3,-2.9,0.0,2018
511,Isaiah Whitehead,PG,22,BRK,16,180,11.5,0.53,0.209,0.221,2.3,13.1,7.7,19.6,2.2,0.8,20.3,28.5,-0.3,0.2,-0.1,-0.035,-4.3,-1.3,-5.6,-0.2,2018
512,Hassan Whiteside,C,28,MIA,54,1364,24.1,0.573,0.003,0.315,14.3,36.6,25.4,6.9,1.4,5.9,12.3,24.7,2.3,3.0,5.3,0.187,-2.1,2.3,0.2,0.8,2018
513,Andrew Wiggins,SF,22,MIN,82,2979,13.0,0.505,0.26,0.242,3.1,10.8,6.9,8.2,1.5,1.5,8.8,23.4,0.5,1.6,2.1,0.034,-1.1,-1.4,-2.5,-0.4,2018
514,Jacob Wiley,PF,23,BRK,5,33,8.2,0.41,0.5,0.5,6.4,29.2,17.7,8.0,1.5,0.0,0.0,6.4,0.0,0.0,0.1,0.094,-3.9,0.9,-3.0,0.0,2018
515,Damien Wilkins,SF,38,IND,19,152,4.9,0.405,0.462,0.10300000000000001,3.7,8.1,5.9,7.8,0.7,0.6,10.9,13.4,-0.1,0.1,-0.1,-0.019,-4.4,-2.1,-6.5,-0.2,2018
516,Alan Williams,PF,25,PHO,5,70,9.3,0.455,0.0,0.5,4.5,29.5,16.8,16.3,3.4,1.2,24.2,17.5,-0.1,0.1,0.0,-0.004,-6.5,2.8,-3.7,0.0,2018
517,C.J. Williams,SG,27,LAC,38,707,9.5,0.512,0.396,0.081,1.9,6.7,4.4,8.5,2.1,1.5,8.9,13.7,0.3,0.5,0.7,0.051,-1.3,-0.1,-1.4,0.1,2018
518,Derrick Williams,PF,26,LAL,2,9,-3.2,0.25,0.5,0.0,0.0,11.7,5.9,0.0,0.0,0.0,0.0,18.9,0.0,0.0,0.0,-0.191,-11.5,-6.6,-18.1,0.0,2018
519,Lou Williams,SG,31,LAC,79,2589,20.2,0.574,0.387,0.36700000000000005,1.7,6.6,4.2,26.3,1.6,0.6,13.1,29.8,5.5,1.2,6.7,0.125,3.8,-2.9,1.0,2.0,2018
520,Marvin Williams,PF,31,CHO,78,2006,13.9,0.603,0.542,0.218,3.9,16.2,10.0,7.0,1.4,1.6,9.7,14.8,3.1,1.9,5.0,0.11900000000000001,1.1,0.5,1.7,1.9,2018
521,Matt Williams,SG,24,MIA,3,11,-0.7,0.41700000000000004,0.833,0.0,0.0,10.2,5.1,0.0,0.0,0.0,14.3,28.6,-0.1,0.0,0.0,-0.19699999999999998,-8.5,-8.6,-17.1,0.0,2018
522,Troy Williams,SF,23,TOT,21,307,15.1,0.544,0.349,0.275,8.0,14.8,11.4,7.7,3.2,1.1,13.5,20.1,0.2,0.4,0.5,0.085,-0.1,0.2,0.0,0.2,2018
523,D.J. Wilson,PF,21,MIL,22,71,10.3,0.622,0.313,0.125,3.3,13.2,8.3,6.1,2.1,1.2,19.2,13.3,0.0,0.1,0.1,0.054000000000000006,-2.9,-1.2,-4.1,0.0,2018
524,Jamil Wilson,SF,27,LAC,15,274,11.4,0.634,0.778,0.049,1.2,11.5,6.4,5.2,0.9,2.4,8.8,14.3,0.4,0.2,0.5,0.096,1.1,-1.1,0.0,0.1,2018
525,Justise Winslow,PF,21,MIA,68,1680,11.5,0.496,0.264,0.213,4.3,20.5,12.4,13.0,1.6,1.7,12.6,16.3,0.2,2.4,2.6,0.075,-2.7,1.7,-1.0,0.4,2018
526,Jeff Withey,C,27,DAL,9,39,8.3,0.444,0.625,0.125,2.8,26.6,14.2,0.0,0.0,6.8,10.6,22.0,-0.1,0.1,0.0,-0.054000000000000006,-9.1,-3.7,-12.8,-0.1,2018
527,Nate Wolters,PG,26,UTA,5,19,-2.9,0.16699999999999998,0.0,0.0,6.0,5.9,6.0,7.1,0.0,0.0,0.0,14.2,-0.1,0.0,-0.1,-0.13699999999999998,-10.3,-2.1,-12.4,0.0,2018
528,Brandan Wright,PF,30,TOT,28,381,19.0,0.596,0.0,0.324,9.8,19.3,14.4,5.6,1.7,6.4,6.4,14.7,0.8,0.5,1.3,0.163,-1.3,2.2,0.9,0.3,2018
529,Delon Wright,PG,25,TOR,69,1433,16.5,0.574,0.354,0.271,3.6,11.7,7.7,19.6,2.5,1.8,13.9,17.2,2.5,2.1,4.5,0.152,1.2,1.6,2.8,1.7,2018
530,Guerschon Yabusele,PF,22,BOS,33,235,12.3,0.5589999999999999,0.607,0.361,8.0,16.1,12.1,10.0,0.9,1.8,14.5,15.7,0.3,0.3,0.6,0.122,-1.0,0.2,-0.7,0.1,2018
531,James Young,SG,22,PHI,6,61,4.6,0.511,0.7140000000000001,0.429,0.0,3.4,1.8,4.3,0.0,0.0,5.7,12.3,0.0,0.0,0.1,0.040999999999999995,-3.0,-3.6,-6.6,-0.1,2018
532,Joe Young,PG,25,IND,53,558,10.1,0.521,0.355,0.156,2.4,10.3,6.4,9.9,1.3,0.2,11.6,18.0,0.1,0.4,0.5,0.043,-2.4,-2.3,-4.7,-0.4,2018
533,Nick Young,SG,32,GSW,80,1393,10.0,0.562,0.6679999999999999,0.133,1.7,7.9,5.0,3.5,1.3,0.4,7.0,17.5,0.8,0.9,1.7,0.059000000000000004,-0.2,-3.4,-3.7,-0.6,2018
534,Thaddeus Young,PF,29,IND,81,2607,14.8,0.528,0.209,0.106,8.0,14.1,11.1,8.5,2.6,1.2,10.4,17.3,2.3,3.2,5.5,0.10099999999999999,0.1,1.4,1.5,2.3,2018
535,Cody Zeller,C,25,CHO,33,627,15.9,0.602,0.019,0.545,11.4,19.3,15.3,7.4,1.1,2.8,14.6,15.7,1.2,0.7,1.9,0.145,-0.6,1.3,0.7,0.4,2018
536,Tyler Zeller,C,28,TOT,66,1109,16.0,0.598,0.084,0.237,11.0,19.4,15.2,6.7,0.7,2.5,11.3,16.4,2.0,0.9,2.9,0.126,-1.1,-0.5,-1.6,0.1,2018
537,Paul Zipser,SF,23,CHI,54,824,5.2,0.445,0.47,0.107,1.6,16.0,8.5,8.0,1.2,1.6,14.9,15.2,-1.1,0.6,-0.6,-0.034,-5.5,-0.3,-5.9,-0.8,2018
538,Ante Zizic,C,21,CLE,32,214,24.2,0.746,0.0,0.433,12.8,18.6,15.7,3.8,0.5,5.2,12.1,18.8,0.9,0.2,1.0,0.231,1.3,-1.2,0.1,0.1,2018
539,Ivica Zubac,C,20,LAL,43,410,15.3,0.557,0.008,0.418,11.8,20.1,16.0,8.8,0.9,3.0,15.3,17.6,0.5,0.5,1.0,0.11800000000000001,-2.7,0.5,-2.2,0.0,2018
